10 4 0 0.858407346410207 3.2 0.8 0.0584073464102071
11 3.27272727272727 0.465165199321332 0.13113461913748 3.27272727272727 0.727272727272728 0.13113461913748
12 3.33333333333333 0.430331482911935 0.19174067974354 3.33333333333333 0.666666666666667 0.19174067974354
13 3.69230769230769 0.295621207024776 0.550715038717899 3.38461538461538 0.615384615384615 0.243022731025591
14 2.28571428571429 0.529040057012887 0.855878367875508 3.42857142857143 0.571428571428571 0.286978774981635
15 3.2 0.413118223595458 0.0584073464102071 3.46666666666667 0.533333333333334 0.325074013076874
16 3.5 0.330718913883074 0.358407346410207 3.5 0.5 0.358407346410207
17 3.52941176470588 0.312569959602387 0.387819111116089 3.52941176470588 0.470588235294118 0.387819111116089
18 3.55555555555556 0.296296296296296 0.413962901965762 3.55555555555556 0.444444444444444 0.413962901965762
19 3.57894736842105 0.281623601709448 0.43735471483126 3.57894736842105 0.631578947368421 0.43735471483126
20 3.6 0.268328157299975 0.458407346410207 3.6 0.8 0.458407346410207
22 3.09090909090909 0.357384269594044 0.0506835626807023 3.63636363636364 1.09090909090909 0.494770982773843
24 3 0.353553390593274 0.141592653589793 3.5 1.16666666666667 0.358407346410207
26 3.07692307692308 0.330514557248969 0.064669576666716 3.53846153846154 1.23076923076923 0.396868884871745
28 3.57142857142857 0.233804882395706 0.429835917838779 3.42857142857143 1 0.286978774981635
30 3.33333333333333 0.272165526975909 0.19174067974354 3.46666666666667 0.933333333333334 0.325074013076874
33 3.03030303030303 0.298403614495352 0.111289623286763 3.39393939393939 0.727272727272728 0.252346740349601
36 3.22222222222222 0.263848274977315 0.0806295686324292 3.44444444444444 0.666666666666667 0.302851790854652
39 3.17948717948718 0.258635967981996 0.0378945258973862 3.38461538461538 0.615384615384615 0.243022731025591
42 2.95238095238095 0.271370881405519 0.189211701208841 3.33333333333333 0.476190476190476 0.19174067974354
46 3.21739130434783 0.233962019032926 0.075798650758033 3.30434782608696 0.347826086956522 0.162755172497163
50 3.12 0.234333096254029 0.021592653589793 3.2 0.24 0.0584073464102071
55 3.34545454545455 0.199533641096875 0.203861891864752 3.2 0.145454545454546 0.0584073464102071
60 3.53333333333333 0.165775394680518 0.39174067974354 3.26666666666667 0.133333333333333 0.125074013076873
66 3.03030303030303 0.21100321934024 0.111289623286763 3.21212121212121 0 0.0705285585314188
72 3.16666666666667 0.191445121556809 0.0250740130768734 3.16666666666667 0.0555555555555558 0.0250740130768734
79 3.29113924050633 0.171846246469423 0.149546586916536 3.18987341772152 0 0.048280764131726
86 3.16279069767442 0.175470059508004 0.0211980440846253 3.16279069767442 0.0930232558139537 0.0211980440846253
94 3.23404255319149 0.162334661448445 0.092449899601696 3.23404255319149 0.0425531914893615 0.092449899601696
103 3.37864077669903 0.142765664769627 0.237048123109236 3.18446601941748 0.0388349514563107 0.0428733658276825
113 3.36283185840708 0.137702042250352 0.221239204817286 3.11504424778761 0.0707964601769913 0.0265484058021825
124 3.25806451612903 0.139621425742134 0.116471862539239 3.12903225806452 0.032258064516129 0.0125603955252771
136 3.14705882352941 0.140489063195935 0.00546616993961857 3.11764705882353 0.0588235294117649 0.0239455947662637
149 3.08724832214765 0.1375209828038 0.0543443314421421 3.14093959731544 0.0805369127516777 0.000653056274356967
163 3.36196319018405 0.114716408627924 0.220370536594256 3.11656441717791 0.0245398773006134 0.0250282364118788
179 3.24022346368715 0.117274584922847 0.0986308100973576 3.15083798882682 0.0670391061452515 0.00924533523702253
196 3.14285714285714 0.117235972378327 0.00126448926734968 3.08163265306122 0.0612244897959182 0.0599600005285685
215 3.2 0.109119094315276 0.0584073464102071 3.14418604651163 0.0372093023255813 0.00259339292183469
236 3.06779661016949 0.110081064107523 0.0737960434203018 3.15254237288136 0.0677966101694913 0.0109497192915629
259 3.11969111969112 0.102973021853645 0.0219015338986734 3.13513513513514 0.0617760617760617 0.00645751845465803
284 3.14084507042254 0.0974764782983712 0.000747583167258092 3.14084507042254 0.0140845070422535 0.000747583167258092
312 3.02564102564103 0.097205513299276 0.115951627948768 3.15384615384615 0.0256410256410255 0.0122535002563606
343 3.23032069970845 0.0851394153507352 0.0887280461186615 3.16034985422741 0.0583090379008748 0.0187572006376122
377 3.07692307692308 0.0867973750411454 0.064669576666716 3.18302387267904 0.0954907161803713 0.0414312190892518
414 3.19806763285024 0.0787068484199717 0.0564749792604484 3.15942028985507 0.00966183574879187 0.0178276362652792
455 3.23516483516484 0.0737439560566424 0.0935721815750421 3.18241758241758 0.0615384615384613 0.0408249288277891
500 3.112 0.0743432041278825 0.029592653589793 3.152 0.016 0.010407346410207
550 3.18545454545455 0.0686850191508131 0.0438618918647524 3.14181818181818 0.00727272727272688 0.000225528228388505
605 3.23305785123967 0.0640192163234713 0.0914651976498764 3.1603305785124 0.0264462809917356 0.0187379249226036
665 3.15187969924812 0.063401965749038 0.0102870456583273 3.15789473684211 0.03609022556391 0.0163020832523122
731 3.23392612859097 0.058215909150526 0.0923334750011779 3.13543091655267 0.0109439124487003 0.00616173703712564
804 3.13432835820896 0.0580926003774204 0.00726429538083773 3.13432835820896 0.0199004975124382 0.00726429538083773
884 3.16289592760181 0.0547275549724815 0.0213032740120167 3.14027149321267 0.00452488687782804 0.00132116037712349
972 3.21810699588477 0.0508792582122719 0.0765143422949803 3.1440329218107 0.00411522633744887 0.00244026822090637
1069 3.10570626753976 0.0509719713321067 0.0358863860500365 3.14686623012161 0 0.00527357653181593
1175 3.09106382978723 0.0488991991348074 0.050528823802559 3.15574468085106 0.0102127659574469 0.0141520272612707
1292 3.1609907120743 0.0453068363139385 0.0193980584845104 3.14551083591331 0.00309597523219818 0.00391818232351948
1421 3.07107670654469 0.0448062109954653 0.0705159470451062 3.14426460239268 0.0140745953553836 0.00267194880288812
1563 3.07101727447217 0.0427233658208802 0.0705753791176242 3.14523352527191 0.00255918106205977 0.00364087168211968
1719 3.06922629435718 0.040766044079438 0.0723663592326087 3.15066899360093 0.00698080279232105 0.00907634001113777
1890 3.12592592592593 0.0380217899745906 0.0156667276638673 3.14708994708995 0 0.00549729350015404
2079 3.0995670995671 0.0366394506993037 0.0420255540226937 3.14381914381914 0.00769600769600753 0.00222649022935073
2286 3.17410323709536 0.0338637689968885 0.0325105835055699 3.13910761154856 0.0139982502187226 0.00248504204123678
2514 3.10580747812251 0.0332368720910902 0.0357851754672791 3.14081145584726 0.00636435958631676 0.00078119774253782
2765 3.18408679927667 0.0306525677591191 0.0424941456868795 3.14213381555154 0 0.000541161961744141
3041 3.19237093061493 0.0291175235132114 0.0507782770251364 3.14238737257481 0.00789214074317668 0.000794718985017706
3345 3.15336322869955 0.0282512391764081 0.0117705751097583 3.13662182361734 0.0131539611360241 0.00497082997245402
3679 3.11280239195434 0.0273981388930549 0.0287902616354576 3.13563468333786 0.016308779559663 0.00595797025192946
4046 3.13989125061789 0.0258357484192502 0.00170140297189869 3.14186851211073 0.0148294611962432 0.000275858520933703
4450 3.1523595505618 0.0245043791831702 0.0107668969720045 3.13977528089888 0.0161797752808988 0.00181737269091675
4895 3.15423901940756 0.023345048168054 0.0126463658177656 3.141164453524 0.00898876404494375 0.000428200065789142
5384 3.14933135215453 0.0223067790777195 0.00773869856473874 3.13967310549777 0.00148588410104011 0.00191954809202199
5922 3.16514690982776 0.0211235916940885 0.0235542562379676 3.13812901046944 0 0.00346364312035696
6514 3.12741786920479 0.0204678505410762 0.0141747843850033 3.14031317163033 0.00552655818237646 0.00127948195945837
7165 3.14975575715283 0.019333130915531 0.00816310356303296 3.14026517794836 0.00558269364968611 0.00132747564143321
7881 3.16000507549803 0.018352344682993 0.01841242190824 3.14224083238168 0 0.000648178791884391
8669 3.1020878994117 0.0179250122234359 0.0395047541780964 3.14223093782443 0.00415272811166245 0.000638284234638853
9535 3.12826428945988 0.0169115645812006 0.0133283641299085 3.14336654431044 0.00503408495018354 0.00177389072064216
10488 3.13996948893974 0.0160462407595662 0.00162316465005263 3.14187643020595 0.000381388253241965 0.00028377661615675
11536 3.11962552011096 0.0154296946279036 0.0219671334788361 3.14181692094313 0.00312066574202507 0.000224267353341467
12689 3.15958704389629 0.0144659790888527 0.017994390306495 3.14161872487982 0.00189140200173377 2.60712900241877E-05
13957 3.15196675503332 0.0138388886148938 0.0103741014435235 3.1410761624991 0.00515870172673205 0.000516491090688742
15352 3.14669098488796 0.0132250625279309 0.00509833129816917 3.14200104220948 0.00364773319437228 0.000408388619690836
16887 3.15769526854977 0.0125499927988091 0.016102614959979 3.14111446674957 0.00450050334576924 0.000478186840222605
18575 3.13776581426649 0.0120686438467938 0.00382683932330607 3.14250336473755 0.000646029609690402 0.000910711147757315
20432 3.14173844949099 0.0114878670823396 0.000145795901201229 3.14154267815192 0.00156617071260756 4.99754378746609E-05
22475 3.15212458286986 0.0109048038633937 0.0105319292800621 3.14215795328142 0.000711902113459395 0.00056529969163055
24722 3.15654073295041 0.0103775767744611 0.0149480793606154 3.14181700509668 0.000161799207183844 0.000224351506882048
27194 3.13010222843274 0.0100063761265712 0.0114904251570507 3.14113407369273 0.00235346032213002 0.00045857989706688
29913 3.15461505031257 0.00944214044412634 0.0130223967227798 3.1413766589777 0.000534884498378574 0.000215994612091208
32904 3.14770240700219 0.00902959176161998 0.00610975341239506 3.14138098711403 0.000607828835399893 0.000211666475764538
36194 3.15113002155053 0.0085967729724112 0.00953736796074001 3.1412941371498 0.000994639995579583 0.000298516439989349
39813 3.1429934945872 0.0082252924535443 0.00140084099740223 3.14128550975812 0.00221033330821596 0.000307143831673962
43794 3.14554505183358 0.00783403003757746 0.00395239824379123 3.14198292003471 0.000365346851166848 0.000390266444914911
48173 3.15620783426401 0.00743530339768776 0.0146151806742139 3.14217507732547 0 0.000582423735679516
52990 3.13394980184941 0.00715682818011265 0.0076428517403877 3.14232874127194 7.54859407434694E-05 0.000736087682144948
58289 3.13321552951672 0.00682586027063389 0.00837712407307478 3.14172485374599 6.86235824942649E-05 0.000132200156196749
64117 3.13526833757038 0.00650266591486492 0.00632431601941397 3.14175647644151 0.000623859506839075 0.000163822851712236
70528 3.14779945553539 0.00616727973226949 0.0062068019455972 3.14127722323049 0.000907441016333888 0.000315430359302926
77580 3.13245681876772 0.00591852122131078 0.00913583482206937 3.14132508378448 0.00108275328692997 0.000267569805312728
85338 3.13825025193935 0.00562941334773601 0.00334240165044619 3.14134383275915 0.00107806604326299 0.000248820830647034
93871 3.14052263212281 0.00536231675131735 0.00107002146698632 3.14111919549169 0.000426116692056056 0.000473458098107837
