-3 -0.999977894851102
-2.875 -0.999952120464865
-2.75 -0.999899338666567
-2.625 -0.999794564994445
-2.5 -0.999592964536606
-2.375 -0.999216952820867
-2.25 -0.99853715334125
-2.125 -0.99734583210427
-2 -0.995322139581219
-1.875 -0.99198997276661
-1.75 -0.986671652155294
-1.625 -0.978443791119842
-1.5 -0.966105266402972
-1.375 -0.948170209967293
-1.25 -0.922900219942947
-1.125 -0.888388226979099
-1 -0.84270068974759
-0.875 -0.784074925009414
-0.75 -0.711155569636656
-0.625 -0.623240952417462
-0.5 -0.520500016304747
-0.375 -0.40411694412452
-0.25 -0.276326261353527
-0.125 -0.140316192477912
0 9.99999971718069E-10
0.125 0.140316192477912
0.25 0.276326261353527
0.375 0.40411694412452
0.5 0.520500016304747
0.625 0.623240952417462
0.75 0.711155569636656
0.875 0.784074925009414
1 0.84270068974759
1.125 0.888388226979099
1.25 0.922900219942947
1.375 0.948170209967293
1.5 0.966105266402972
1.625 0.978443791119842
1.75 0.986671652155294
1.875 0.99198997276661
2 0.995322139581219
2.125 0.99734583210427
2.25 0.99853715334125
2.375 0.999216952820867
2.5 0.999592964536606
2.625 0.999794564994445
2.75 0.999899338666567
2.875 0.999952120464865
3 0.999977894851102


0 0.999999989064903 -1.09350976051914E-08
0.125 0.941742690235098 -0.0600231943354142
0.25 0.906402468407809 -0.0982718459624626
0.375 0.888913561223765 -0.11775527966485
0.5 0.886226918049109 -0.120782245989367
0.625 0.896574273038643 -0.109174141584319
0.75 0.919062520102744 -0.0844011283607229
0.875 0.953445806176854 -0.0476726922880768
1 0.999999989064903 -1.09350976051914E-08
1.125 1.05946052651448 0.0577598413209692
1.25 1.13300308550976 0.124871705351747
1.375 1.22225614668268 0.200698451453684
1.5 1.32934037707366 0.284682862118797
1.625 1.45693319368779 0.376333674197382
1.75 1.6083594101798 0.4752146595747
1.875 1.7877108865816 0.580935967134297
2 1.99999997812981 0.693147169624848
2.125 2.25135361884328 0.811531643697349
2.25 2.54925694239696 0.935801921568076
2.375 2.90285834837136 1.06569588894029
2.5 3.32335094268416 1.20097359399295
2.625 3.82444963343046 1.34141457024097
2.75 4.42298837799446 1.48681557125318
2.875 5.1396687989221 1.63698864138361
3 5.99999993438942 1.79175945829296
3.125 7.03548005888525 1.95096592688571
3.25 8.28508506279013 2.11445691790972
3.375 9.79714692575333 2.28209121326478
3.5 11.6317282993946 2.45373656248832
3.625 13.8636299211854 2.62926885854761
3.75 16.5862064174792 2.8085714112355
3.875 19.9162165958231 2.99153430418892
4 23.9999997375577 3.17805381941285
4.125 29.0213552429017 3.36803194667236
4.25 35.211611516858 3.56137590084605
4.375 42.8625178001708 3.75799773307436
4.5 52.3427773472755 3.95781395926459
4.625 64.1192883854826 4.160745229512
4.75 78.7844804830263 4.36671602928205
4.875 97.0915559046378 4.57565440863873
5 119.999998687788 4.78749173184695
5.125 148.734445619871 5.00216247169683
5.25 184.860960463505 5.21960397744958
5.375 230.386033175918 5.43975630708809
5.5 287.885275410015 5.66256205150302
5.625 360.67099716834 5.88796617760248
5.75 453.010762777401 6.11591588409131
5.875 570.412890939747 6.34636046866895
6 719.99999212673 6.579251201075
6.125 910.99847942171 6.81454122812762
6.25 1155.3810028969 7.05218544119789
6.375 1468.71096149648 7.29214039813258
6.5 1871.2542901651 7.53436422840461
6.625 2389.44535624025 7.77881654947477
6.75 3057.82264874746 8.02545838897575
6.875 3921.58862521076 8.27425211222159
7 5039.99994488711 8.52516135013032
7.125 6490.86416587968 8.77815095428234
7.25 8376.51227100256 9.03318691006447
7.375 10831.7433410365 9.29023630035846
7.5 14034.4071762383 9.54926724894688
7.625 18219.5208413319 9.81024887196824
7.75 23698.1255277928 10.073151232341
7.875 30882.5104235348 10.3379452969333
8 40319.9995590969 10.6046028918102
8.125 52738.2713477724 10.8730966824981
8.25 69106.2262357711 11.1434001104111
8.375 90715.8504811809 11.4154873780696
8.5 119292.460998025 11.6893334124431
8.625 157143.367256488 11.9649138348857
8.75 207358.598368187 12.2422049327105
8.875 274082.280008871 12.5211836322948
9 362879.997652016 12.8018274736111
9.125 481236.728034635 13.084114586094
9.25 639232.595122308 13.3680236657547
9.375 850461.101269832 13.6535339534639
9.5 1133278.38319864 13.9406252143299
9.625 1512504.91444812 14.2292777181038
9.75 2021746.33980701 14.5194722205481
9.875 2706562.52220366 14.8111899457111
10 3628799.98539848 15.1044125690517


0 1 0
1 1 0
2 2 0.693147180559945
3 6 1.79175946922805
4 24 3.17805383034795
5 120 4.78749174278205
6 720 6.5792512120101
7 5040 8.52516136106541
8 40320 10.6046029027453
9 362880 12.8018274800815
10 3628800 15.1044125730755
