0 -0.653643620863612 0.159638074175065 0 0.159638074175065
0.00390625 -0.633922704885915 -0.921434920572649 -0.921434920572649 -0.921296161087279
0.0078125 -0.61041188186989 -1.61241587082041 -1.61028688780281 -1.60931694478473
0.01171875 -0.582884147639501 0.872257010182782 0.871290101864007 0.871290101864007
0.015625 -0.551134693105593 -1.7241207924498 -1.70615832672709 -1.70615832672709
0.01953125 -0.514982227370983 -1.09494100342028 -1.09398956211952 -1.07689976572476
0.0234375 -0.474270173002711 0.432151210563708 -0.00152739170373339 0.43763501678785
0.02734375 -0.428867726865987 -0.592227690044324 -0.58596924388355 -0.566907310874408
0.03125 -0.378670780643157 -1.20372131873463 -1.15105480075933 -1.07962571910854
0.03515625 -0.323602695921823 -1.7899827369988 -1.74120034037567 -1.6449429013015
0.0390625 -0.2636149295248 0.532487092433927 0.574619395979211 0.571973344668437
0.04296875 -0.198687505566667 -1.61245673344475 -1.54283945490834 -1.54283945490834
0.046875 -0.128829331552929 -1.60614575998392 -1.6383983263672 -1.53659163407133
0.05078125 -0.0540783566835984 -0.0240111058385446 0 0
0.0546875 0.0254984286210768 -0.328216617619739 0 0
0.05859375 0.109805152093778 -0.551968497957212 0 0
0.0625 0.198717377151173 0.807982259483476 0.575008946549034 0
0.06640625 0.292082576983832 -0.501880217043442 0 0
0.0703125 0.389720762756477 1.08368652849439 1.082696302864 0
0.07421875 0.491425262633791 -0.741570063872647 -0.378398431256616 0
0.078125 0.596963647528425 -0.655089397092501 -0.367817967366085 0
0.08203125 0.706078798671519 0.222254333255229 0 0
0.0859375 0.8184901113361 0.308226699537463 0 0
0.08984375 0.933894828304512 1.62784569940048 1.5787285632406 0
0.09375 1.05196949596643 2.23982972813331 2.12093314290927 0
0.09765625 1.1723715352679 2.11032202598007 2.045468179306 0
0.1015625 1.29474091910792 1.75538667856781 1.61915077154428 0
0.10546875 1.41870194720035 2.69921055286145 2.66093489829959 0
0.109375 1.54386510888921 0.341589387671581 0.246119000237699 0
0.11328125 1.66982902392697 2.24531641784797 2.01800727279966 0
0.1171875 1.79618245080075 3.07262262315285 2.82891470676939 0
0.12109375 1.92250635182394 3.3629288401727 3.19172999694848 0
0.125 2.04837600390049 0.852635399734674 0.817601211227057 0
0.12890625 2.17336314362007 0.78941822201294 0.746226382362813 0
0.1328125 2.29703813515374 1.8202022952485 1.71279732902798 0
0.13671875 2.41897214929445 3.46789101377416 2.94390401844501 0
0.140625 2.53873934192355 3.1000180576818 2.70351276070662 0
0.14453125 2.65591902018587 3.38792544859152 3.22180125493676 0
0.1484375 2.77009778471965 3.32703477242189 2.96232322388596 0
0.15234375 2.88087163641551 1.66005560498149 1.8909974839336 0
0.15625 2.9878480363679 1.60941134809076 2.20467898092443 0
0.16015625 3.09064790793416 2.40550847064186 2.39127510253068 0
0.1640625 3.18890757012694 2.47866094932927 2.59608695777514 0
0.16796875 3.28228059193586 3.28161904673528 3.3377268985327 0
0.171875 3.3704395575996 4.75514927338912 5.05527174006273 0
0.17578125 3.45307773332997 3.62121413241473 4.11752228085013 0
0.1796875 3.52991062652044 2.08271965077468 2.62818969042046 0
0.18359375 3.60067742905188 3.56629916144405 3.94212688950727 0
0.1875 3.66514233693322 3.19177971323171 3.98866641443211 0
0.19140625 3.72309573918234 3.68005618419941 4.08001963274456 0
0.1953125 3.77435526955804 4.20165130824121 4.7055581539425 0
0.19921875 3.81876671549438 4.17914993870595 5.09551606447893 0
0.203125 3.85620477935971 2.57624080182726 3.21979280705878 0
0.20703125 3.88657368795963 5.07283931752975 5.8612467538329 0
0.2109375 3.90980764702307 4.19592593544792 5.12649338247805 0
0.21484375 3.92587113824729 3.72297729870226 4.74183620725743 0
0.21875 3.93475905732795 2.65751025343985 4.15788892663905 0
0.22265625 3.93649669225907 3.74054183221258 4.53294727356054 0
0.2265625 3.93113954205026 2.69842046770567 4.07757711326165 0
0.23046875 3.91877297687016 3.30783638681379 4.03509978123942 0
0.234375 3.89951174148136 4.35890720597218 5.42980502468115 0
0.23828125 3.87349930467833 4.99941208258365 5.58698480557243 0
0.2421875 3.84090705827089 3.37982281631019 4.50824865651497 0
0.24609375 3.80193336996837 3.90139543795589 4.53605820356271 0
0.25 3.75680249530793 2.51398228187885 2.51398228187885 0
0.25390625 3.70576335453129 4.56144288814126 4.56144288814126 0
0.2578125 3.64908818104281 4.93105955733055 4.87431786143859 0
0.26171875 3.58707104877465 4.99369954195078 4.88985228721609 0
0.265625 3.5200262864377 2.52692937718799 2.50715573188714 0
0.26953125 3.44828678724702 3.54565287652649 3.5243349253526 0
0.2734375 3.37220222327337 3.64914985746413 3.56490206500825 0
0.27734375 3.29213717408666 4.66939562801332 4.56272402273701 0
0.28125 3.208469179818 3.35756939808849 3.35756939808849 0
0.28515625 3.12158672917369 3.53636852634563 3.53064387059652 0
0.2890625 3.03188719328389 1.6773285550546 1.63188977051902 0
0.29296875 2.93977471655901 3.87286110923039 3.77035209821625 0
0.296875 2.84565807595682 1.5720802313382 1.53585249856802 0
0.30078125 2.74994852023138 3.74034665363332 3.69831094607616 0
0.3046875 2.65305760084026 3.46229875614671 3.33246308895431 0
0.30859375 2.55539500622873 2.07511883931085 1.93852332847728 0
0.3125 2.4573664111883 3.34250787764623 2.7164062961841 0
0.31640625 2.35937135290214 1.35439537996985 1.1340058305648 0
0.3203125 2.26180114514254 2.51567237450516 2.05775768143288 0
0.32421875 2.16503684187583 2.50580067564112 2.0964349918616 0
0.328125 2.06944726125925 0.717638616497072 0.388673711267772 0
0.33203125 1.97538708068453 1.39144402982507 1.23555591468456 0
0.3359375 1.8831950131348 3.103581479016 2.71017132562688 0
0.33984375 1.79319207467789 0.91118584094195 0.709160766852183 0
0.34375 1.7056799524229 1.53561674239092 1.55073512347011 0
0.34765625 1.62093948171907 2.84699748135887 2.65889266321452 0
0.3515625 1.53922924078191 2.36539690914972 2.16797072975282 0
0.35546875 1.46078427029209 0.718017846096819 0.5144467616026 0
0.359375 1.38581492483301 1.85054042758325 1.70930486839529 0
0.36328125 1.31450586231575 0.982379440074357 0.760940884766957 0
0.3671875 1.24701517678987 1.06680368086503 0.845408828682029 0
0.37109375 1.18347367925915 0.179124213076697 0.0516922788780048 0
0.375 1.12398433031652 2.39992913498492 1.84978829241627 0
0.37890625 1.06862182758777 1.75891313880258 1.36939724586527 0
0.3828125 1.01743235013201 0.759591018360512 0 0
0.38671875 0.970433461094136 -0.00053635672632113 0 0
0.390625 0.927614169044742 1.31377919184177 0.91989866591038 0
0.39453125 0.888935147580848 -0.46488432134105 -0.413182157128973 0
0.3984375 0.854329111900918 0.313047753542802 0.146487035766887 0
0.40234375 0.823701350215078 1.7529726372341 1.25962802237142 0
0.40625 0.796930407010285 1.97694321783659 1.54466655646249 0
0.41015625 0.773868914365361 1.32390649912188 1.03466450216263 0
0.4140625 0.75434456670664 -0.534372428352275 -0.591725812174292 0
0.41796875 0.738161233615834 0.543415458911455 0.426035809891951 0
0.421875 0.725100204551846 1.76592447235127 1.30912662414092 0
0.42578125 0.714921558631723 1.5679534543852 1.17317575435466 0
0.4296875 0.707365651936599 0.278049657010189 0 0
0.43359375 0.702154714170093 -0.0654922231199492 0 0
0.4375 0.698994545902438 1.1937985305495 0.655215272844784 0
0.44140625 0.697576307087258 1.44513339966055 0.509843700690246 0
0.4453125 0.697578387041831 0.701500330527531 0 0
0.44921875 0.698668345638978 0.663039783062082 0.42853276056384 0
0.453125 0.700504915071637 0.0725464636143353 0.252118404582227 0.451090029012408
0.45703125 0.702740051221741 1.40089197549574 0.66075619691401 -0.102498097335295
0.4609375 0.705021023395168 0.656291736144861 0.387530169020938 0.131584028761843
0.46484375 0.706992530975673 1.54811536840606 0.476712895383911 -0.50482561052945
0.46875 0.708298835403843 1.84359190313261 1.09071194484796 0.108677996041243
0.47265625 0.70858589580326 1.37256350582694 1.08552765006116 0.552242758233566
0.4765625 0.707503496555578 0.784195199763691 0.458703128589496 -0.104859370977467
0.48046875 0.704707355169046 -0.0144475537204648 0.312590109253611 0.502804473988132
0.484375 0.699861198891289 1.47105961980294 0.807509642718211 -0.000548577835064179
0.48828125 0.692638798685945 0.212352857071973 0 0.126313131614346
0.4921875 0.68272594942333 0.0952589005997448 0 0.0685403504711711
0.49609375 0.669822385426453 -0.348950974061672 0 0.144099754849168
0.5 0.653643620863612 -0.251363086039614 0 0
0.50390625 0.633922704885915 1.78371353283907 1.78371353283907 0.000268610583709361
0.5078125 0.61041188186989 1.76755346987287 1.76949324336246 0.00106326548765545
0.51171875 0.582884147639501 0.119014991806064 0.000161043919693182 0.000161043919693182
0.515625 0.551134693105594 0.299374158279039 -0.00541285397468894 -0.00541285397468894
0.51953125 0.514982227370983 0.795193200497894 0.796501617375822 0.00437745651268984
0.5234375 0.474270173002712 1.1078289832878 1.08666301346619 0.0196142980127078
0.52734375 0.428867726865988 1.16782866224581 1.17098090885829 0.016769905322761
0.53125 0.378670780643156 1.41497616606899 1.45801308107269 0.0294051143098557
0.53515625 0.323602695921823 1.14820263826541 1.22064419306076 0.0136655520610878
0.5390625 0.2636149295248 0.924365952463788 0.898640990665927 0.0552466962977346
0.54296875 0.198687505566667 -0.203158723952025 -0.0486101614590255 -0.0486101614590255
0.546875 0.128829331552929 -0.666396724247625 -0.581473095559502 -0.121560399846668
0.55078125 0.0540783566835995 -0.0307894027308217 0 0
0.5546875 -0.0254984286210768 -0.44832893015644 0 0
0.55859375 -0.109805152093778 0.367099742120767 0 0
0.5625 -0.198717377151172 -0.0433433825849635 0.147780392670148 0
0.56640625 -0.292082576983831 -0.198267971325975 0 0
0.5703125 -0.389720762756477 -0.127291171598803 -0.135259764497464 0
0.57421875 -0.491425262633791 0.725743147543165 0.673207701040792 0
0.578125 -0.596963647528425 0.566987986744485 0.531998603081666 0
0.58203125 -0.706078798671518 0.649338267980538 0 0
0.5859375 -0.818490111336099 0.305118873938749 0 0
0.58984375 -0.933894828304511 -1.85610194791011 -1.89665314780811 0
0.59375 -1.05196949596642 -1.8129488975013 -1.93496609458909 0
0.59765625 -1.1723715352679 -0.771335704469789 -0.903821622699135 0
0.6015625 -1.29474091910792 -1.90100380465715 -2.00112423560921 0
0.60546875 -1.41870194720035 -0.196514534426999 -0.386658082394305 0
0.609375 -1.54386510888921 -1.47437628101922 -1.48298302232944 0
0.61328125 -1.66982902392697 -2.99195547339557 -3.11299368192839 0
0.6171875 -1.79618245080075 -3.13810958469338 -3.30829155770916 0
0.62109375 -1.92250635182394 -1.76220759938366 -1.97981163577192 0
0.625 -2.04837600390049 -2.41087137032039 -1.9969513500177 0
0.62890625 -2.17336314362006 -0.943306779190856 -0.774513839075118 0
0.6328125 -2.29703813515374 -3.08677720295489 -2.4789830963312 0
0.63671875 -2.41897214929444 -1.02793870944818 -0.620286218388185 0
0.640625 -2.53873934192355 -1.34284903417305 -0.799965369832028 0
0.64453125 -2.65591902018587 -4.12136585927884 -3.00736358025373 0
0.6484375 -2.77009778471965 -1.78598418718314 -1.0737149728982 0
0.65234375 -2.88087163641551 -4.16627862489536 -3.18627322727861 0
0.65625 -2.9878480363679 -4.3738497540797 -3.10064452170707 0
0.66015625 -3.09064790793416 -2.32568689982828 -1.26778343068602 0
0.6640625 -3.18890757012694 -2.76084151812967 -1.58939595336434 0
0.66796875 -3.28228059193586 -3.23483898573675 -1.70512009693025 0
0.671875 -3.3704395575996 -4.83303865626459 -2.47523354406422 0
0.67578125 -3.45307773332997 -4.59996079106158 -2.51853581526216 0
0.6796875 -3.52991062652044 -3.39356173328949 -2.04926460700472 0
0.68359375 -3.60067742905188 -3.88051660190868 -1.91636991806718 0
0.6875 -3.66514233693322 -4.07833422537418 -2.96038854622891 0
0.69140625 -3.72309573918234 -2.62330893018878 -1.43490661367153 0
0.6953125 -3.77435526955804 -3.14888417301376 -1.85543213745116 0
0.69921875 -3.81876671549438 -4.64138290024058 -3.17591242170106 0
0.703125 -3.85620477935971 -3.09892031213135 -2.21857769433697 0
0.70703125 -3.88657368795963 -4.19120914696017 -2.50761168346177 0
0.7109375 -3.90980764702307 -4.59253264078411 -3.23021192461108 0
0.71484375 -3.92587113824729 -4.68629491180257 -3.37772656906642 0
0.71875 -3.93475905732795 -5.40857721464963 -4.16411129199701 0
0.72265625 -3.93649669225907 -3.35714798465049 -1.87075806461732 0
0.7265625 -3.93113954205026 -5.13402929634882 -3.95903582308977 0
0.73046875 -3.91877297687016 -3.07156934249482 -1.80330839394396 0
0.734375 -3.89951174148137 -4.51303788280523 -2.96276076170751 0
0.73828125 -3.87349930467833 -2.96212790716659 -1.25370197908329 0
0.7421875 -3.84090705827089 -4.67143495076105 -3.48513215080321 0
0.74609375 -3.80193336996837 -2.94350153507393 -1.65225960653953 0
0.75 -3.75680249530793 -3.09027541907171 -3.09027541907171 0
0.75390625 -3.70576335453129 -4.70531108403258 -4.70531108403258 0
0.7578125 -3.64908818104281 -2.18843904414161 -2.3078884250286 0
0.76171875 -3.58707104877465 -4.11235346900441 -4.23187716544209 0
0.765625 -3.5200262864377 -4.31515497805097 -4.32660026620195 0
0.76953125 -3.44828678724702 -3.76215072862864 -3.78198528065963 0
0.7734375 -3.37220222327337 -2.59118763680932 -2.70116832920261 0
0.77734375 -3.29213717408666 -3.17131634042748 -3.31610385852317 0
0.78125 -3.208469179818 -2.59876817169666 -2.59876817169666 0
0.78515625 -3.12158672917369 -3.07375014953617 -3.08029546475402 0
0.7890625 -3.0318871932839 -1.92871706539514 -1.96520278139688 0
0.79296875 -2.93977471655902 -4.04078409039198 -4.13079937651548 0
0.796875 -2.84565807595682 -3.41830706130204 -3.43412801596037 0
0.80078125 -2.74994852023138 -3.17378114115564 -3.220918471197 0
0.8046875 -2.65305760084026 -3.61266562178087 -3.72142617690286 0
0.80859375 -2.55539500622873 -3.669491350032 -3.73395996635298 0
0.8125 -2.45736641118831 -3.69267947362114 -3.86863157897531 0
0.81640625 -2.35937135290214 -1.18579506559456 -1.2706203743264 0
0.8203125 -2.26180114514254 -2.12642184392824 -2.27973514927993 0
0.82421875 -2.16503684187583 -1.69533482299941 -1.8708857619752 0
0.828125 -2.06944726125925 -2.51704480727213 -2.42453445652709 0
0.83203125 -1.97538708068454 -0.994698029830962 -0.786411541700392 0
0.8359375 -1.8831950131348 -0.980180727922875 -1.2604741770566 0
0.83984375 -1.79319207467789 -0.35105198209725 -0.449830311331517 0
0.84375 -1.7056799524229 -1.29289859423266 -0.914602154011782 0
0.84765625 -1.62093948171907 -0.150254775964944 -0.311475998534381 0
0.8515625 -1.53922924078191 -0.174377643613959 -0.311808332961049 0
0.85546875 -1.46078427029208 -2.34424267015016 -2.193381296355 0
0.859375 -1.38581492483301 -0.148372009627424 -0.243076845886548 0
0.86328125 -1.31450586231575 -2.67759589915457 -2.52690996100481 0
0.8671875 -1.24701517678987 -0.418896023945867 -0.579739819580132 0
0.87109375 -1.18347367925915 -1.98084679448269 -1.79276947715426 0
0.875 -1.12398433031652 -1.02849542972048 -0.927195339429734 0
0.87890625 -1.06862182758777 0.00101238951507154 -0.0773052889690491 0
0.8828125 -1.01743235013201 -0.136517820169122 0 0
0.88671875 -0.970433461094137 0.0665151697421659 0 0
0.890625 -0.927614169044743 -2.03514636367756 -1.60618067305019 0
0.89453125 -0.888935147580849 -1.72730383412014 -1.276794263998 0
0.8984375 -0.854329111900917 -1.83903959314446 -1.33820412993152 0
0.90234375 -0.823701350215077 0.57697070272559 0.337408654422477 0
0.90625 -0.796930407010285 -1.97815818448076 -1.45401448760224 0
0.91015625 -0.773868914365361 -1.76921865148026 -1.27962953678149 0
0.9140625 -0.75434456670664 -0.686661759574186 -0.244187820840346 0
0.91796875 -0.738161233615835 -1.52871334602501 -1.05572525479251 0
0.921875 -0.725100204551848 -0.632905791441144 -0.426684401925321 0
0.92578125 -0.714921558631721 -1.79663717855979 -1.25070645334963 0
0.9296875 -0.7073656519366 0.604859559853337 0 0
0.93359375 -0.702154714170094 -0.252140250567522 0 0
0.9375 -0.698994545902439 -0.660037817353251 -0.104784928502927 0
0.94140625 -0.697576307087258 0.713630282417449 0.562548808775889 0
0.9453125 -0.697578387041831 -0.115061690233662 0 0
0.94921875 -0.698668345638976 -0.985770774270415 -0.261009091928652 0
0.953125 -0.700504915071637 -1.4245128187742 -0.606593152803101 -0.885036927667541
0.95703125 -0.702740051221741 -0.502969962588325 0.018826627745535 -0.533174899045704
0.9609375 -0.705021023395168 -0.89899164248785 -0.239029410577495 -0.637882931183696
0.96484375 -0.706992530975675 0.478845494406969 0.421125607455956 0.0569233770513087
0.96875 -0.708298835403841 -1.11086085011705 -0.136166173657761 -0.968414643111654
0.97265625 -0.70858589580326 -2.1900768514827 -0.683904944547465 -1.54147048589489
0.9765625 -0.707503496555579 -0.145567274975587 0.295177090045522 -0.191583111829422
0.98046875 -0.704707355169045 -1.47052075253644 -0.579977895489178 -0.881508624503164
0.984375 -0.69986119889129 -0.87857673744086 -0.11938014464686 -0.760255127277095
0.98828125 -0.692638798685945 -0.528165812363828 0 -0.357343370670372
0.9921875 -0.682725949423329 -0.299348030969731 0 -0.195987454397988
0.99609375 -0.669822385426453 -0.197031340466286 0 -0.0785875200094761
