0 -0.653643620863612 0.159638074175065 -0.837566599602828 -0.846107275710551
0.00390625 -0.633922704885915 -0.921434920572649 -0.822586377318792 -0.829228492818059
0.0078125 -0.61041188186989 -1.61241587082041 -0.803180867102833 -0.807311607035477
0.01171875 -0.582884147639501 0.872257010182782 -0.779101162801842 -0.780152156211932
0.015625 -0.551134693105593 -1.7241207924498 -0.750123881897888 -0.747579880809332
0.01953125 -0.514982227370983 -1.09494100342028 -0.716052589197012 -0.709459626367117
0.0234375 -0.474270173002711 0.432151210563708 -0.676719074243017 -0.665691978022441
0.02734375 -0.428867726865987 -0.592227690044324 -0.63198447540559 -0.616213626180648
0.03125 -0.378670780643157 -1.20372131873463 -0.581740244423184 -0.560997465013652
0.03515625 -0.323602695921823 -1.7899827369988 -0.525908946046015 -0.500052427997506
0.0390625 -0.2636149295248 0.532487092433927 -0.464444888318482 -0.433423067154649
0.04296875 -0.198687505566667 -1.61245673344475 -0.397334579958557 -0.36118888501208
0.046875 -0.128829331552929 -1.60614575998392 -0.324597012229227 -0.283463430496274
0.05078125 -0.0540783566835984 -0.0240111058385446 -0.246283763648736 -0.200393172033473
0.0546875 0.0254984286210768 -0.328216617619739 -0.162478926847133 -0.112156162986611
0.05859375 0.109805152093778 -0.551968497957212 -0.0732988578412013 -0.0189605162165558
0.0625 0.198717377151173 0.807982259483476 0.021108251037024 0.0789572940121633
0.06640625 0.292082576983832 -0.501880217043442 0.120562972366368 0.18133428336754
0.0703125 0.389720762756477 1.08368652849439 0.224855415880726 0.287882941671631
0.07421875 0.491425262633791 -0.741570063872647 0.333746167667065 0.3982933289667
0.078125 0.596963647528425 -0.655089397092501 0.446967391347003 0.51223526196417
0.08203125 0.706078798671519 0.222254333255229 0.564224085392773 0.629360569257845
0.0859375 0.8184901113361 0.308226699537463 0.685195489880986 0.749305393787626
0.08984375 0.933894828304512 1.62784569940048 0.809536635176458 0.871692521400136
0.09375 1.05196949596643 2.23982972813331 0.936880024267838 0.996133714958566
0.09765625 1.1723715352679 2.11032202598007 1.06683743975098 1.12223203429268
0.1015625 1.29474091910792 1.75538667856781 1.19900186577903 1.24958412333535
0.10546875 1.41870194720035 2.69921055286145 1.33294951467351 1.37778244704524
0.109375 1.54386510888921 0.341589387671581 1.46824194732195 1.50641746214466
0.11328125 1.66982902392697 2.24531641784797 1.6044282759774 1.63507970728411
0.1171875 1.79618245080075 3.07262262315285 1.74104743762711 1.76336179995388
0.12109375 1.92250635182394 3.3629288401727 1.87763052571316 1.89086032927264
0.125 2.04837600390049 0.852635399734674 2.01370316766966 2.01717763566336
0.12890625 2.17336314362007 0.78941822201294 2.14878793549108 2.14192347035086
0.1328125 2.29703813515374 1.8202022952485 2.28240677636486 2.2647165295524
0.13671875 2.41897214929445 3.46789101377416 2.41408345029109 2.38518586015437
0.140625 2.53873934192355 3.1000180576818 2.54334596157145 2.50297213554658
0.14453125 2.65591902018587 3.38792544859152 2.66972897108112 2.61772880209224
0.1484375 2.77009778471965 3.32703477242189 2.79277617633887 2.72912309842158
0.15234375 2.88087163641551 1.66005560498149 2.91204264656293 2.83683695132554
0.15625 2.9878480363679 1.60941134809076 3.02709710014158 2.9405677534711
0.16015625 3.09064790793416 2.40550847064186 3.13752411225738 3.04002902944207
0.1640625 3.18890757012694 2.47866094932927 3.24292624077946 3.13495099771187
0.16796875 3.28228059193586 3.28161904673528 3.3429260589792 3.22508103706379
0.171875 3.3704395575996 4.75514927338912 3.43716808412676 3.31018406667952
0.17578125 3.45307773332997 3.62121413241473 3.52532059158726 3.39004284961044
0.1796875 3.52991062652044 2.08271965077468 3.6070773046539 3.46445822962448
0.18359375 3.60067742905188 3.56629916144405 3.68215895102531 3.53324931148467
0.1875 3.66514233693322 3.19177971323171 3.75031467755474 3.59625359456577
0.19140625 3.72309573918234 3.68005618419941 3.81132331566394 3.65332706936027
0.1953125 3.77435526955804 4.20165130824121 3.86499449062081 3.7043442858733
0.19921875 3.81876671549438 4.17914993870595 3.91116956872346 3.74919840217174
0.203125 3.85620477935971 2.57624080182726 3.94972243730855 3.78780122045086
0.20703125 3.88657368795963 5.07283931752975 3.98056011340511 3.8200832169317
0.2109375 3.90980764702307 4.19592593544792 4.0036231777803 3.84599357072419
0.21484375 3.92587113824729 3.72297729870226 4.01888603206734 3.86550019550873
0.21875 3.93475905732795 2.65751025343985 4.02635697762102 3.87858977652661
0.22265625 3.93649669225907 3.74054183221258 4.02607811570963 3.88526781395348
0.2265625 3.93113954205026 2.69842046770567 4.01812506961728 3.88555867228731
0.23046875 3.91877297687016 3.30783638681379 4.00260653019242 3.87950563394029
0.234375 3.89951174148136 4.35890720597218 3.97966362733212 3.86717095380986
0.23828125 3.87349930467833 4.99941208258365 3.94946913083209 3.84863591024575
0.2421875 3.84090705827089 3.37982281631019 3.91222648495358 3.82400084655285
0.24609375 3.80193336996837 3.90139543795589 3.86816868195666 3.79338519599953
0.25 3.75680249530793 2.51398228187885 3.81755698071861 3.75692748226142
0.25390625 3.70576335453129 4.56144288814126 3.76067947739278 3.71478528634236
0.2578125 3.64908818104281 4.93105955733055 3.69784953586171 3.66713517029746
0.26171875 3.58707104877465 4.99369954195078 3.62940408649514 3.61417254755373
0.265625 3.5200262864377 2.52692937718799 3.55570180243383 3.55611148929534
0.26953125 3.44828678724702 3.54565287652649 3.47712116328082 3.49318445626422
0.2734375 3.37220222327337 3.64914985746413 3.39405841668883 3.42564194542863
0.27734375 3.29213717408666 4.66939562801332 3.30692544888233 3.35375204129733
0.28125 3.208469179818 3.35756939808849 3.2161475756436 3.27779986220426
0.28515625 3.12158672917369 3.53636852634563 3.1221612657195 3.19808689265519
0.2890625 3.03188719328389 1.6773285550546 3.02541180896928 3.11493019380694
0.29296875 2.93977471655901 3.87286110923039 2.92635094186952 3.02866148533025
0.296875 2.84565807595682 1.5720802313382 2.82543444322082 2.9396260932767
0.30078125 2.74994852023138 3.74034665363332 2.72311971305881 2.84818176010943
0.3046875 2.65305760084026 3.46229875614671 2.61986334786025 2.7546973147495
0.30859375 2.55539500622873 2.07511883931085 2.51611872515193 2.65955120230929
0.3125 2.4573664111883 3.34250787764623 2.41233361057598 2.56312987510868
0.31640625 2.35937135290214 1.35439537996985 2.30894780034072 2.46582604857105
0.3203125 2.26180114514254 2.51567237450516 2.20639081179123 2.36803682764583
0.32421875 2.16503684187583 2.50580067564112 2.10507963457008 2.27016171147335
0.328125 2.06944726125925 0.717638616497072 2.00541655450756 2.17260048606533
0.33203125 1.97538708068453 1.39144402982507 1.90778706198351 2.07575101678959
0.3359375 1.8831950131348 3.103581479016 1.81255785604225 1.98000695439014
0.33984375 1.79319207467789 0.91118584094195 1.72007495502053 1.88575537011354
0.34375 1.7056799524229 1.53561674239092 1.63066192386803 1.79337433721993
0.34765625 1.62093948171907 2.84699748135887 1.54461822770527 1.70323047770537
0.3515625 1.53922924078191 2.36539690914972 1.46221772047653 1.61567649442458
0.35546875 1.46078427029209 0.718017846096819 1.38370727682079 1.53104870995677
0.359375 1.38581492483301 1.85054042758325 1.30930557450491 1.44966463448088
0.36328125 1.31450586231575 0.982379440074357 1.23920203394464 1.37182058560201
0.3671875 1.24701517678987 1.06680368086503 1.17355592048542 1.29778938348336
0.37109375 1.18347367925915 0.179124213076697 1.11249561422993 1.22781814477605
0.375 1.12398433031652 2.39992913498492 1.05611805128958 1.162126198695
0.37890625 1.06862182758777 1.75891313880258 1.00448833940496 1.10090314815863
0.3828125 1.01743235013201 0.759591018360512 0.957639549933709 1.04430709819261
0.38671875 0.970433461094136 -0.00053635672632113 0.915572687245539 0.992463072798075
0.390625 0.927614169044742 1.31377919184177 0.878256835600865 0.945461640208645
0.39453125 0.888935147580848 -0.46488432134105 0.845629482625352 0.903357764920674
0.3984375 0.854329111900918 0.313047753542802 0.817597017533459 0.866169903091471
0.40234375 0.823701350215078 1.7529726372341 0.794035401305044 0.833879355879629
0.40625 0.796930407010285 1.97694321783659 0.774791005085142 0.806429893071256
0.41015625 0.773868914365361 1.32390649912188 0.759681612163447 0.783727656920515
0.4140625 0.75434456670664 -0.534372428352275 0.74849757800161 0.7656413535595
0.41796875 0.738161233615834 0.543415458911455 0.741003141918093 0.752002736630448
0.421875 0.725100204551846 1.76592447235127 0.736937883216698 0.742607384994062
0.42578125 0.714921558631723 1.5679534543852 0.73601831376032 0.737215773503733
0.4296875 0.707365651936599 0.278049657010189 0.737939598250414 0.735554632940834
0.43359375 0.702154714170093 -0.0654922231199492 0.742377392779 0.737318592315095
0.4375 0.698994545902438 1.1937985305495 0.748989791577462 0.742172093880951
0.44140625 0.697576307087258 1.44513339966055 0.757419371298704 0.749751568439905
0.4453125 0.697578387041831 0.701500330527531 0.767295321639129 0.759667855823559
0.44921875 0.698668345638978 0.663039783062082 0.77823565063777 0.771508852914302
0.453125 0.700504915071637 0.0725464636143353 0.789849452583874 0.784842369191175
0.45703125 0.702740051221741 1.40089197549574 0.80173922612377 0.799219167615397
0.4609375 0.705021023395168 0.656291736144861 0.813503229884693 0.814176166719691
0.46484375 0.706992530975673 1.54811536840606 0.824737862728813 0.829239778060767
0.46875 0.708298835403843 1.84359190313261 0.835040055616289 0.843929351755476
0.47265625 0.70858589580326 1.37256350582694 0.844009661992338 0.857760701664895
0.4765625 0.707503496555578 0.784195199763691 0.851251833620414 0.870249680930206
0.48046875 0.704707355169046 -0.0144475537204648 0.856379368861742 0.880915778009195
0.484375 0.699861198891289 1.47105961980294 0.859015020550046 0.889285703118386
0.48828125 0.692638798685945 0.212352857071973 0.858793750828625 0.894896935054755
0.4921875 0.68272594942333 0.0952589005997448 0.855364920603842 0.897301198751083
0.49609375 0.669822385426453 -0.348950974061672 0.84839440162292 0.896067844603919
0.5 0.653643620863612 -0.251363086039614 0.837566599602828 0.890787101593662
0.50390625 0.633922704885915 1.78371353283907 0.822586377318792 0.881073177479071
0.5078125 0.61041188186989 1.76755346987287 0.803180867102833 0.866567180877041
0.51171875 0.582884147639501 0.119014991806064 0.779101162801842 0.84693984181311
0.515625 0.551134693105594 0.299374158279039 0.750123881897888 0.821894009326405
0.51953125 0.514982227370983 0.795193200497894 0.716052589197012 0.791166906909463
0.5234375 0.474270173002712 1.1078289832878 0.676719074243017 0.754532128931458
0.52734375 0.428867726865988 1.16782866224581 0.63198447540559 0.711801363703804
0.53125 0.378670780643156 1.41497616606899 0.581740244423184 0.662825831469514
0.53515625 0.323602695921823 1.14820263826541 0.525908946046015 0.607497428300753
0.5390625 0.2636149295248 0.924365952463788 0.464444888318482 0.545749569640856
0.54296875 0.198687505566667 -0.203158723952025 0.397334579958557 0.477557729995684
0.546875 0.128829331552929 -0.666396724247625 0.324597012229227 0.40293967803297
0.55078125 0.0540783566835995 -0.0307894027308217 0.246283763648736 0.32195540905619
0.5546875 -0.0254984286210768 -0.44832893015644 0.162478926847133 0.234706779451932
0.55859375 -0.109805152093778 0.367099742120767 0.0732988578412013 0.141336850238184
0.5625 -0.198717377151172 -0.0433433825849635 -0.021108251037024 0.0420289492392257
0.56640625 -0.292082576983831 -0.198267971325975 -0.120562972366368 -0.0629945363433521
0.5703125 -0.389720762756477 -0.127291171598803 -0.224855415880726 -0.173473623126327
0.57421875 -0.491425262633791 0.725743147543165 -0.333746167667065 -0.289112434797539
0.578125 -0.596963647528425 0.566987986744485 -0.446967391347003 -0.409581128054489
0.58203125 -0.706078798671518 0.649338267980538 -0.564224085392773 -0.534518022420464
0.5859375 -0.818490111336099 0.305118873938749 -0.685195489880986 -0.663531913926264
0.58984375 -0.933894828304511 -1.85610194791011 -0.809536635176458 -0.796204551682303
0.59375 -1.05196949596642 -1.8129488975013 -0.936880024267838 -0.932093255645866
0.59765625 -1.1723715352679 -0.771335704469789 -1.06683743975098 -1.0707336534114
0.6015625 -1.29474091910792 -1.90100380465715 -1.19900186577903 -1.2116425136148
0.60546875 -1.41870194720035 -0.196514534426999 -1.33294951467351 -1.35432065353871
0.609375 -1.54386510888921 -1.47437628101922 -1.46824194732195 -1.49825589872667
0.61328125 -1.66982902392697 -2.99195547339557 -1.6044282759774 -1.64292607284563
0.6171875 -1.79618245080075 -3.13810958469338 -1.74104743762711 -1.78780199666676
0.62109375 -1.92250635182394 -1.76220759938366 -1.87763052571316 -1.9323504758447
0.625 -2.04837600390049 -2.41087137032039 -2.01370316766966 -2.07603725814828
0.62890625 -2.17336314362006 -0.943306779190856 -2.14878793549108 -2.21832994191068
0.6328125 -2.29703813515374 -3.08677720295489 -2.28240677636486 -2.35870081870254
0.63671875 -2.41897214929444 -1.02793870944818 -2.41408345029109 -2.49662963456559
0.640625 -2.53873934192355 -1.34284903417305 -2.54334596157145 -2.63160625555457
0.64453125 -2.65591902018587 -4.12136585927884 -2.66972897108112 -2.76313322479779
0.6484375 -2.77009778471965 -1.78598418718314 -2.79277617633887 -2.89072819978015
0.65234375 -2.88087163641551 -4.16627862489536 -2.91204264656293 -3.01392626005428
0.65625 -2.9878480363679 -4.3738497540797 -3.02709710014158 -3.13228207707361
0.66015625 -3.09064790793416 -2.32568689982828 -3.13752411225738 -3.24537193929795
0.6640625 -3.18890757012694 -2.76084151812967 -3.24292624077946 -3.3527956271265
0.66796875 -3.28228059193586 -3.23483898573675 -3.3429260589792 -3.4541781335503
0.671875 -3.3704395575996 -4.83303865626459 -3.43716808412676 -3.54917122767067
0.67578125 -3.45307773332997 -4.59996079106158 -3.52532059158726 -3.6374548593895
0.6796875 -3.52991062652044 -3.39356173328949 -3.6070773046539 -3.71873840463108
0.68359375 -3.60067742905188 -3.88051660190868 -3.68215895102531 -3.7927617513966
0.6875 -3.66514233693322 -4.07833422537418 -3.75031467755474 -3.85929622777447
0.69140625 -3.72309573918234 -2.62330893018878 -3.81132331566394 -3.91814537373145
0.6953125 -3.77435526955804 -3.14888417301376 -3.86499449062081 -3.96914555908939
0.69921875 -3.81876671549438 -4.64138290024058 -3.91116956872346 -4.01216645055266
0.703125 -3.85620477935971 -3.09892031213135 -3.94972243730855 -4.04711133099738
0.70703125 -3.88657368795963 -4.19120914696017 -3.98056011340511 -4.07391727447061
0.7109375 -3.90980764702307 -4.59253264078411 -4.0036231777803 -4.09255518048524
0.71484375 -3.92587113824729 -4.68629491180257 -4.01888603206734 -4.10302967124486
0.71875 -3.93475905732795 -5.40857721464963 -4.02635697762102 -4.10537885540383
0.72265625 -3.93649669225907 -3.35714798465049 -4.02607811570963 -4.09967396187462
0.7265625 -3.93113954205026 -5.13402929634882 -4.01812506961728 -4.08601884705202
0.73046875 -3.91877297687016 -3.07156934249482 -4.00260653019242 -4.06454937864588
0.734375 -3.89951174148137 -4.51303788280523 -3.97966362733212 -4.03543269911725
0.73828125 -3.87349930467833 -2.96212790716659 -3.94946913083209 -3.99886637151144
0.7421875 -3.84090705827089 -4.67143495076105 -3.91222648495358 -3.95507741029202
0.74609375 -3.80193336996837 -2.94350153507393 -3.86816868195666 -3.90432119961555
0.75 -3.75680249530793 -3.09027541907171 -3.81755698071861 -3.8468803013626
0.75390625 -3.70576335453129 -4.70531108403258 -3.76067947739278 -3.78306315516922
0.7578125 -3.64908818104281 -2.18843904414161 -3.69784953586171 -3.71320267269451
0.76171875 -3.58707104877465 -4.11235346900441 -3.62940408649514 -3.63765472842603
0.765625 -3.5200262864377 -4.31515497805097 -3.55570180243383 -3.55679654947157
0.76953125 -3.44828678724702 -3.76215072862864 -3.47712116328082 -3.47102500702029
0.7734375 -3.37220222327337 -2.59118763680932 -3.39405841668883 -3.38075481248176
0.77734375 -3.29213717408666 -3.17131634042748 -3.30692544888233 -3.28641662172996
0.78125 -3.208469179818 -2.59876817169666 -3.2161475756436 -3.18845505138926
0.78515625 -3.12158672917369 -3.07375014953617 -3.1221612657195 -3.08732661169891
0.7890625 -3.0318871932839 -1.92871706539514 -3.02541180896928 -2.98349756117527
0.79296875 -2.93977471655902 -4.04078409039198 -2.92635094186952 -2.87744168904979
0.796875 -2.84565807595682 -3.41830706130204 -2.82543444322082 -2.769638032286
0.80078125 -2.74994852023138 -3.17378114115564 -2.72311971305881 -2.66056853485849
0.8046875 -2.65305760084026 -3.61266562178087 -2.61986334786025 -2.55071565789776
0.80859375 -2.55539500622873 -3.669491350032 -2.51611872515193 -2.44055995025186
0.8125 -2.45736641118831 -3.69267947362114 -2.41233361057598 -2.33057758997211
0.81640625 -2.35937135290214 -1.18579506559456 -2.30894780034072 -2.22123790817925
0.8203125 -2.26180114514254 -2.12642184392824 -2.20639081179123 -2.11300090768815
0.82421875 -2.16503684187583 -1.69533482299941 -2.10507963457008 -2.00631478964729
0.828125 -2.06944726125925 -2.51704480727213 -2.00541655450756 -1.90161350226199
0.83203125 -1.97538708068454 -0.994698029830962 -1.90778706198351 -1.7993143264014
0.8359375 -1.8831950131348 -0.980180727922875 -1.81255785604225 -1.69981551351841
0.83984375 -1.79319207467789 -0.35105198209725 -1.72007495502053 -1.60349399182285
0.84375 -1.7056799524229 -1.29289859423266 -1.63066192386803 -1.51070315702435
0.84765625 -1.62093948171907 -0.150254775964944 -1.54461822770527 -1.42177076418759
0.8515625 -1.53922924078191 -0.174377643613959 -1.46221772047653 -1.33699693730645
0.85546875 -1.46078427029208 -2.34424267015016 -1.38370727682079 -1.25665231309303
0.859375 -1.38581492483301 -0.148372009627424 -1.30930557450491 -1.18097633518479
0.86328125 -1.31450586231575 -2.67759589915457 -1.23920203394464 -1.11017571449074
0.8671875 -1.24701517678987 -0.418896023945867 -1.17355592048542 -1.04442307072253
0.87109375 -1.18347367925915 -1.98084679448269 -1.11249561422993 -0.983855769287789
0.875 -1.12398433031652 -1.02849542972048 -1.05611805128958 -0.928574966661335
0.87890625 -1.06862182758777 0.00101238951507154 -1.00448833940496 -0.878644876102288
0.8828125 -1.01743235013201 -0.136517820169122 -0.957639549933709 -0.834092264156319
0.88671875 -0.970433461094137 0.0665151697421659 -0.915572687245539 -0.794906186785055
0.890625 -0.927614169044743 -2.03514636367756 -0.878256835600865 -0.761037972210812
0.89453125 -0.888935147580849 -1.72730383412014 -0.845629482625352 -0.732401455670731
0.8984375 -0.854329111900917 -1.83903959314446 -0.817597017533459 -0.708873469258104
0.90234375 -0.823701350215077 0.57697070272559 -0.794035401305044 -0.690294587910734
0.90625 -0.796930407010285 -1.97815818448076 -0.774791005085142 -0.676470130408929
0.91015625 -0.773868914365361 -1.76921865148026 -0.759681612163447 -0.66717141199349
0.9140625 -0.75434456670664 -0.686661759574186 -0.74849757800161 -0.662137242932065
0.91796875 -0.738161233615835 -1.52871334602501 -0.741003141918093 -0.661075665077323
0.921875 -0.725100204551848 -0.632905791441144 -0.736937883216698 -0.663665916199623
0.92578125 -0.714921558631721 -1.79663717855979 -0.73601831376032 -0.669560609667651
0.9296875 -0.7073656519366 0.604859559853337 -0.737939598250414 -0.678388114920614
0.93359375 -0.702154714170094 -0.252140250567522 -0.742377392779 -0.68975512215154
0.9375 -0.698994545902439 -0.660037817353251 -0.748989791577462 -0.703249372729529
0.94140625 -0.697576307087258 0.713630282417449 -0.757419371298704 -0.718442535154036
0.9453125 -0.697578387041831 -0.115061690233662 -0.767295321639129 -0.734893204779775
0.94921875 -0.698668345638976 -0.985770774270415 -0.77823565063777 -0.752150004197925
0.953125 -0.700504915071637 -1.4245128187742 -0.789849452583874 -0.769754760026994
0.95703125 -0.702740051221741 -0.502969962588325 -0.80173922612377 -0.787245730971379
0.9609375 -0.705021023395168 -0.89899164248785 -0.813503229884693 -0.804160861361063
0.96484375 -0.706992530975675 0.478845494406969 -0.824737862728813 -0.820041034002484
0.96875 -0.708298835403841 -1.11086085011705 -0.835040055616289 -0.834433296055865
0.97265625 -0.70858589580326 -2.1900768514827 -0.844009661992338 -0.846894031812127
0.9765625 -0.707503496555579 -0.145567274975587 -0.851251833620414 -0.856992056673506
0.98046875 -0.704707355169045 -1.47052075253644 -0.856379368861742 -0.864311607343193
0.984375 -0.69986119889129 -0.87857673744086 -0.859015020550046 -0.868455204194392
0.98828125 -0.692638798685945 -0.528165812363828 -0.858793750828625 -0.869046363008146
0.9921875 -0.682725949423329 -0.299348030969731 -0.855364920603842 -0.865732134729181
0.99609375 -0.669822385426453 -0.197031340466286 -0.84839440162292 -0.858185453573425
