0 141.338164625218 136.620580078886 146.218649987364
0.015 140.978450225649 136.258666352337 145.861719919034
0.03 140.619651321548 135.89771135064 145.505661142252
0.045 140.261765582923 135.537712534093 145.150471530131
0.06 139.904790685712 135.17866736972 144.79614896098
0.075 139.548724311765 134.820573331256 144.442691318286
0.09 139.193564148835 134.463427899128 144.090096490702
0.105 138.83930789056 134.107228560438 143.738362372035
0.12 138.485953236444 133.751972808944 143.387486861234
0.135 138.13349789185 133.397658145043 143.037467862376
0.15 137.78193956798 133.044282075754 142.688303284655
0.165 137.431275981859 132.691842114701 142.339991042369
0.18 137.081504856325 132.340335782092 141.992529054906
0.195 136.732623920011 131.989760604707 141.645915246735
0.21 136.384630907328 131.640114115875 141.300147547389
0.225 136.037523558458 131.291393855461 140.955223891457
0.24 135.691299619329 130.943597369846 140.61114221857
0.255 135.345956841611 130.596722211912 140.267900473388
0.27 135.001492982691 130.250765941023 139.925496605586
0.285 134.657905805668 129.905726123007 139.583928569848
0.3 134.315193079331 129.561600330143 139.243194325849
0.315 133.97335257815 129.218386141138 138.903291838243
0.33 133.632382082256 128.876081141115 138.564219076654
0.345 133.292279377433 128.534682921594 138.225974015663
0.36 132.953042255099 128.194189080475 137.888554634794
0.375 132.614668512292 127.854597222021 137.551958918503
0.39 132.277155951658 127.515904956841 137.216184856166
0.405 131.940502381435 127.178109901876 136.881230442069
0.42 131.604705615439 126.841209680375 136.547093675392
0.435 131.269763473049 126.505201921889 136.2137725602
0.45 130.935673779197 126.170084262244 135.881265105429
0.465 130.602434364347 125.83585434353 135.549569324878
0.48 130.270043064486 125.502509814084 135.218683237191
0.495 129.93849772111 125.170048328473 134.888604865852
0.51 129.607796181207 124.838467547476 134.559332239167
0.525 129.277936297244 124.507765138068 134.230863390258
0.54 128.948915927155 124.177938773406 133.903196357045
0.555 128.620732934325 123.84898613281 133.57632918224
0.57 128.293385187576 123.520904901748 133.250259913331
0.585 127.966870561156 123.193692771819 132.924986602574
0.6 127.641186934722 122.867347440738 132.60050730698
0.615 127.316332193328 122.541866612316 132.2768200883
0.63 126.992304227408 122.217247996451 131.953923013018
0.645 126.669100932769 121.893489309103 131.63181415234
0.66 126.346720210571 121.570588272287 131.310491582177
0.675 126.025159967317 121.248542614049 130.989953383139
0.69 125.704418114835 120.927350068454 130.67019764052
0.705 125.384492570271 120.607008375572 130.351222444288
0.72 125.065381256071 120.287515281458 130.033025889075
0.735 124.747082099967 119.968868538136 129.715606074164
0.75 124.429593034968 119.651065903588 129.398961103475
0.765 124.11291199934 119.334105141734 129.083089085559
0.78 123.797036936599 119.017984022417 128.767988133585
0.795 123.481965795495 118.702700321389 128.453656365324
0.81 123.167696529996 118.388251820292 128.140091903147
0.825 122.854227099279 118.074636306647 127.827292874004
0.84 122.541555467715 117.761851573834 127.515257409418
0.855 122.229679604857 117.44989542108 127.203983645476
0.87 121.918597485422 117.138765653441 126.893469722811
0.885 121.608307089285 116.828460081788 126.583713786597
0.9 121.298806401462 116.51897652279 126.274713986537
0.915 120.990093412094 116.2103127989 125.966468476847
0.93 120.682166116441 115.902466738342 125.658975416253
0.945 120.375022514864 115.595436175089 125.352232967972
0.96 120.068660612813 115.289218948856 125.046239299706
0.975 119.763078420813 114.983812905076 124.740992583631
0.99 119.458273954454 114.679215894895 124.436490996384
1.005 119.154245234377 114.375425775146 124.132732719052
1.02 118.850990286258 114.072440408344 123.829715937163
1.035 118.5485071408 113.770257662663 123.527438840674
1.05 118.246793833718 113.468875411926 123.225899623962
1.065 117.945848405725 113.168291535588 122.925096485809
1.08 117.645668902521 112.868503918721 122.625027629395
1.095 117.34625337478 112.569510452 122.325691262287
1.11 117.047599878137 112.271309031687 122.027085596427
1.125 116.749706473176 111.973897559618 121.729208848121
1.14 116.452571225416 111.677273943186 121.43205923803
1.155 116.1561922053 111.381436095328 121.135634991157
1.17 115.860567488181 111.08638193451 120.839934336841
1.185 115.565695154312 110.792109384711 120.54495550874
1.2 115.271573288831 110.498616375411 120.250696744826
1.215 114.978199981749 110.205900841574 119.957156287371
1.23 114.685573327939 109.913960723633 119.664332382938
1.245 114.393691427121 109.622793967481 119.37222328237
1.26 114.102552383853 109.332398524447 119.080827240782
1.275 113.812154307517 109.042772351292 118.790142517544
1.29 113.522495312305 108.753913410185 118.500167376279
1.305 113.233573517211 108.465819668698 118.210900084848
1.32 112.945387046014 108.178489099783 117.922338915338
1.335 112.657934027269 107.891919681765 117.634482144055
1.35 112.371212594294 107.606109398321 117.347328051515
1.365 112.085220885159 107.321056238473 117.060874922429
1.38 111.79995704267 107.036758196567 116.775121045695
1.395 111.515419214362 106.753213272264 116.490064714388
1.41 111.231605552484 106.470419470524 116.205704225752
1.425 110.948514213987 106.188374801591 115.922037881184
1.44 110.666143360514 105.90707728098 115.63906398623
1.455 110.384491158385 105.626524929463 115.356780850572
1.47 110.103555778588 105.346715773056 115.075186788017
1.485 109.823335396766 105.067647843004 114.794280116489
1.5 109.543828193204 104.789319175766 114.514059158019
1.515 109.26503235282 104.511727813004 114.23452223873
1.53 108.98694606515 104.234871801567 113.955667688837
1.545 108.709567524338 103.958749193477 113.677493842627
1.56 108.432894929126 103.683358045919 113.399999038453
1.575 108.156926482837 103.408696421222 113.123181618727
1.59 107.881660393368 103.134762386849 112.847039929905
1.605 107.607094873179 102.861554015382 112.57157232248
1.62 107.333228139276 102.58906938451 112.296777150972
1.635 107.060058413206 102.317306577013 112.022652773917
1.65 106.78758392104 102.046263680749 111.749197553858
1.665 106.515802893364 101.775938788644 111.476409857336
1.68 106.244713565269 101.506329998674 111.204288054878
1.695 105.974314176337 101.237435413855 110.932830520991
1.71 105.704602970628 100.969253142225 110.662035634147
1.725 105.435578196675 100.701781296838 110.391901776778
1.74 105.167238107465 100.435017995743 110.122427335265
1.755 104.899580960434 100.168961361978 109.853610699926
1.77 104.632605017451 99.9036095235495 109.585450265011
1.785 104.366308544811 99.6389606134255 109.317944428687
1.8 104.100689813217 99.3750127695189 109.051091593034
1.815 103.835747097779 99.1117641346755 108.78489016403
1.83 103.571478677992 98.8492128566606 108.519338551545
1.845 103.307882837732 98.5873570881464 108.254435169332
1.86 103.044957865243 98.3261949866987 107.990178435015
1.875 102.782702053124 98.0657247147639 107.72656677008
1.89 102.521113698322 97.8059444396562 107.463598599868
1.905 102.260191102115 97.5468523335446 107.201272353562
1.92 101.999932570106 97.2884465734403 106.93958646418
1.935 101.740336412212 97.0307253411835 106.678539368566
1.95 101.481400942648 96.7736868234307 106.41812950738
1.965 101.223124479922 96.5173292116423 106.158355325086
1.98 100.965505346821 96.2616507020694 105.899215269948
1.995 100.708541870401 96.0066494957413 105.640707794017
2.01 100.452232381973 95.7523237984529 105.382831353122
2.025 100.196575217098 95.4986718207521 105.125584406861
2.04 99.9415687155727 95.245691777927 104.868965418594
2.055 99.6872112214177 94.9933818899935 104.612972855432
2.07 99.4335010828693 94.741740381683 104.357605188225
2.085 99.1804366523671 94.4907654824292 104.102860891559
2.1 98.9280162865444 94.2404554263565 103.848738443742
2.115 98.6762383462162 93.990808452267 103.595236326797
2.13 98.4251011963701 93.7418228036283 103.342353026452
2.145 98.1746032061544 93.4934967285613 103.090087032133
2.16 97.9247427488682 93.2458284798274 102.838436836952
2.175 97.6755182019506 92.9988163148167 102.5874009377
2.19 97.4269279469703 92.7524584955355 102.336977834836
2.205 97.1789703696149 92.5067532885942 102.087166032481
2.22 96.9316438596807 92.261698965195 101.837964038408
2.235 96.6849468110618 92.0172938011196 101.589370364032
2.25 96.4388776217403 91.7735360767175 101.3413835244
2.265 96.1934346937751 91.5304240768933 101.094002038187
2.28 95.9486164332923 91.2879560910952 100.847224427682
2.295 95.7044212504744 91.0461304133026 100.601049218782
2.31 95.4608475595501 90.8049453420144 100.355474940981
2.325 95.2178937787838 90.5643991802367 100.110500127364
2.34 94.9755583304659 90.324490235471 99.8661233145979
2.355 94.7338396409018 90.0852168197023 99.6223430429189
2.37 94.4927361404023 89.8465772493873 99.3791578561284
2.385 94.252246263273 89.6085698454424 99.1365663015822
2.4 94.0123684478044 89.3711929332321 98.8945669301819
2.415 93.7731011362614 89.1344448425569 98.6531582963665
2.43 93.5344427748739 88.8983239076418 98.4123389581038
2.445 93.2963918138257 88.6628284671246 98.1721074768818
2.46 93.0589467072456 88.4279568640441 97.9324624176997
2.475 92.822105913196 88.1937074458282 97.6934023490599
2.49 92.5858678936642 87.9600785642828 97.4549258429591
2.505 92.3502311145516 87.7270685755799 97.2170314748798
2.52 92.1151940456641 87.4946758402461 96.979717823782
2.535 91.8807551607019 87.262898723151 96.7429834720945
2.55 91.6469129372498 87.0317355934955 96.5068270057064
2.565 91.4136658567672 86.8011848248009 96.2712470139587
2.58 91.1810124045784 86.571244794897 96.0362420896361
2.595 90.9489510698624 86.3419138859108 95.8018108289583
2.61 90.7174803456437 86.1131904842549 95.5679518315719
2.625 90.4865987287817 85.8850729806167 95.3346637005416
2.64 90.2563047199618 85.6575597699466 95.1019450423423
2.655 90.026596823685 85.4306492514467 94.8697944668504
2.67 89.7974735482586 85.2043398285599 94.638210587336
2.685 89.5689334057861 84.9786299089584 94.4071920204541
2.7 89.340974912158 84.7535179045324 94.1767373862365
2.715 89.1135965870419 84.5290022313793 93.9468453080837
2.73 88.8867969538731 84.3050813097921 93.7175144127565
2.745 88.6605745398444 84.0817535642486 93.4887433303682
2.76 88.4349278758975 83.8590174234003 93.2605306943754
2.775 88.2098554967125 83.6368713200612 93.0328751415711
2.79 87.9853559406993 83.4153136911968 92.805775312076
2.805 87.7614277499871 83.1943429779132 92.57922984933
2.82 87.538069470416 82.9739576254461 92.3532374000846
2.835 87.3152796515267 82.7541560831498 92.127796614395
2.85 87.0930568465515 82.5349368044862 91.9029061456111
2.865 86.8713996124046 82.3162982470144 91.6785646503707
2.88 86.6503065096735 82.0982388723791 91.4547707885903
2.895 86.4297761026085 81.8807571463004 91.2315232234581
2.91 86.2098069591143 81.6638515385627 91.0088206214251
2.925 85.9903976507402 81.447520523004 90.7866616521981
2.94 85.7715467526712 81.2317625775052 90.5650449887307
2.955 85.5532528437183 81.0165761839794 90.3439693072164
2.97 85.3355145063097 80.801959828361 90.1234332870798
2.985 85.1183303264814 80.5879120005954 89.9034356109695
3 84.9016988938679 80.3744311946282 89.6839749647494
3.015 84.6856188016931 80.1615159083944 89.4650500374917
3.03 84.4700886467617 79.9491646438083 89.2466595214684
3.045 84.255107029449 79.7373759067525 89.0288021121441
3.06 84.0406725536929 79.5261482070677 88.8114765081674
3.075 83.8267838269842 79.3154800585421 88.594681411364
3.09 83.6134394603574 79.1053699789007 88.3784155267282
3.105 83.4006380683826 78.8958164897954 88.1626775624158
3.12 83.1883782691557 78.6868181167943 87.9474662297359
3.135 82.9766586842893 78.478373389371 87.7327802431434
3.15 82.7654779389044 78.2704808408951 87.5186183202313
3.165 82.5548346616211 78.0631390086208 87.3049791817232
3.18 82.3447274845499 77.8563464336776 87.0918615514654
3.195 82.1351550432822 77.6501016610597 86.8792641564193
3.21 81.9261159768824 77.4444032396149 86.6671857266538
3.225 81.7176089278782 77.2392497220362 86.4556249953381
3.24 81.5096325422525 77.0346396648499 86.2445806987337
3.255 81.302185469434 76.8305716284064 86.0340515761869
3.27 81.0952663622886 76.6270441768695 85.8240363701213
3.285 80.8888738771111 76.424055878207 85.6145338260305
3.3 80.683006673616 76.2216053041799 85.4055426924703
3.315 80.4776634149286 76.0196910303328 85.1970617210515
3.33 80.2728427675768 75.8183116359838 84.9890896664321
3.345 80.0685434014826 75.6174657042142 84.7816252863103
3.36 79.8647639899527 75.417151821859 84.5746673414166
3.375 79.6615032096704 75.2173685794967 84.368214595507
3.39 79.4587597406871 75.0181145714394 84.1622658153549
3.405 79.2565322664133 74.8193883957229 83.9568197707442
3.42 79.0548194736107 74.621188654097 83.751875234462
3.435 78.8536200523829 74.4235139520151 83.5474309822909
3.45 78.6529326961672 74.2263628986255 83.343485793002
3.465 78.4527561017265 74.0297341067603 83.1400384483476
3.48 78.2530889691406 73.8336261929266 82.9370877330535
3.495 78.0539300017972 73.6380377772963 82.7346324348125
3.51 77.8552779063842 73.4429674836966 82.5326713442765
3.525 77.6571313928813 73.2484139396002 82.3312032550495
3.54 77.459489174551 73.0543757761156 82.1302269636805
3.555 77.2623499679308 72.8608516279778 81.929741269656
3.57 77.0657124928248 72.6678401335382 81.7297449753932
3.585 76.8695754722951 72.4753399347554 81.5302368862328
3.6 76.6739376326536 72.2833496771854 81.3312158104316
3.615 76.4787977034542 72.0918680099723 81.1326805591553
3.63 76.2841544174838 71.9008935858386 80.9346299464721
3.645 76.0900065107546 71.7104250610758 80.7370627893448
3.66 75.8963527224957 71.5204610955348 80.5399779076242
3.675 75.7031917951449 71.3310003526172 80.343374124042
3.69 75.5105224743406 71.1420414992643 80.1472502642035
3.705 75.3183435089136 70.9535832059497 79.951605156581
3.72 75.1266536508791 70.7656241466685 79.7564376325063
3.735 74.9354516554285 70.5781629989284 79.5617465261644
3.75 74.7447362809211 70.3911984437407 79.3675306745858
3.765 74.5545062888766 70.2047291656105 79.1737889176399
3.78 74.3647604439662 70.0187538525279 78.9805200980283
3.795 74.1754975140057 69.8332711959584 78.7877230612775
3.81 73.9867162699464 69.648279890834 78.5953966557322
3.825 73.7984154858679 69.4637786355438 78.4035397325482
3.84 73.6105939389697 69.2797661319249 78.2121511456859
3.855 73.4232504095635 69.0962410852534 78.0212297519033
3.87 73.2363836810649 68.9132022042352 77.830774410749
3.885 73.0499925399863 68.7306482009966 77.6407839845554
3.9 72.8640757759279 68.548577791076 77.4512573384324
3.915 72.6786321815711 68.3669896934139 77.2621933402599
3.93 72.4936605526693 68.1858826303447 77.0735908606816
3.945 72.3091596880414 68.0052553275873 76.885448773098
3.96 72.1251283895629 67.8251065142363 76.6977659536596
3.975 71.941565462159 67.6454349227529 76.5105412812604
3.99 71.758469713796 67.466239288956 76.3237736375311
4.005 71.5758399554746 67.2875183520135 76.1374619068323
4.02 71.3936750012209 67.1092708544333 75.9516049762481
4.035 71.2119736680799 66.9314955420542 75.7662017355792
4.05 71.030734776107 66.7541911640378 75.5812510773365
4.065 70.8499571483608 66.5773564728587 75.3967518967342
4.08 70.6696396108952 66.4009902242967 75.2127030916835
4.095 70.4897809927518 66.2250911774272 75.0291035627858
4.11 70.3103801259526 66.0496580946132 74.8459522133262
4.125 70.1314358454919 65.8746897414959 74.6632479492671
4.14 69.9529469893292 65.7001848869868 74.4809896792412
4.155 69.7749123983814 65.5261423032583 74.2991763145457
4.17 69.5973309165153 65.3525607657354 74.1178067691351
4.185 69.4202013905402 65.1794390530871 73.9368799596152
4.2 69.2435226702002 65.0067759472177 73.7563948052364
4.215 69.0672936081672 64.8345702332585 73.5763502278872
4.23 68.8915130600328 64.6628206995588 73.3967451520878
4.245 68.7161798843013 64.4915261376777 73.2175785049841
4.26 68.5412929423821 64.3206853423754 73.0388492163404
4.275 68.3668510985825 64.1502971116051 72.8605562185339
4.29 68.1928532201002 63.980360246504 72.6826984465476
4.305 68.019298177016 63.8108735513853 72.5052748379647
4.32 67.8461848422861 63.6418358337296 72.3282843329616
4.335 67.6735120917355 63.4732459041764 72.1517258743017
4.35 67.5012788040501 63.305102576516 71.9755984073294
4.365 67.3294838607697 63.1374046676811 71.7999008799635
4.38 67.1581261462804 62.9701509977381 71.6246322426909
4.395 66.9872045478079 62.8033403898795 71.4497914485607
4.41 66.8167179554099 62.6369716704149 71.2753774531774
4.425 66.646665261969 62.4710436687631 71.1013892146952
4.44 66.4770453631853 62.305555217444 70.9278256938112
4.455 66.3078571575696 62.1405051520699 70.7546858537599
4.47 66.139099546436 61.975892311338 70.5819686603063
4.485 65.9707714338948 61.8117155370214 70.4096730817402
4.5 65.8028717268455 61.6479736739618 70.2377980888698
4.515 65.6353993349695 61.4846655700607 70.0663426550156
4.53 65.468353170723 61.3217900762716 69.8953057560045
4.545 65.3017321493306 61.1593460465921 69.7246863701632
4.56 65.135535188777 60.9973323380553 69.5544834783126
4.575 64.9697612098013 60.8357478107221 69.3846960637615
4.59 64.804409135889 60.6745913276735 69.2153231123002
4.605 64.6394778932655 60.5138617550017 69.0463636121951
4.62 64.4749664108891 60.3535579618031 68.8778165541823
4.635 64.310873620444 60.1936788201698 68.7096809314612
4.65 64.1471984563332 60.0342232051817 68.5419557396894
4.665 63.9839398556718 59.8751899948987 68.3746399769759
4.68 63.8210967582799 59.7165780703527 68.2077326438752
4.695 63.6586681066759 59.5583863155401 68.0412327433819
4.71 63.4966528460696 59.4006136174131 67.8751392809242
4.725 63.3350499243552 59.243258865873 67.709451264358
4.74 63.1738582921047 59.0863209537612 67.5441677039613
4.755 63.0130769025609 58.9297987768527 67.3792876124278
4.77 62.8527047116305 58.773691233847 67.2148100048616
4.785 62.6927406778779 58.6179972263614 67.0507338987709
4.8 62.5331837625175 58.4627156589226 66.8870583140621
4.815 62.3740329294079 58.3078454389595 66.7237822730342
4.83 62.2152871450445 58.1533854767951 66.5609048003729
4.845 62.0569453785531 57.999334685639 66.3984249231444
4.86 61.8990066016832 57.8456919815798 66.2363416707904
4.875 61.7414697888011 57.6924562835775 66.0746540751213
4.89 61.5843339168836 57.5396265134557 65.9133611703113
4.905 61.4275979655111 57.3872015958941 65.752461992892
4.92 61.2712609168608 57.2351804584212 65.5919555817471
4.935 61.1153217557008 57.0835620314063 65.4318409781061
4.95 60.9597794693825 56.9323452480523 65.2721172255394
4.965 60.804633047835 56.781529044388 65.1127833699518
4.98 60.6498814835577 56.6311123592609 64.9538384595771
4.995 60.4955237716145 56.4810941343292 64.7952815449727
5.01 60.3415589096266 56.3314733140551 64.6371116790134
5.025 60.1879858977667 56.1822488456966 64.479327916886
5.04 60.0348037387518 56.0334196793008 64.3219293160838
5.055 59.8820114378371 55.8849847676958 64.1649149364007
5.07 59.7296080028097 55.736943066484 64.0082838399259
5.085 59.5775924439816 55.5892935340343 63.8520350910379
5.1 59.4259637741838 55.4420351314751 63.6961677563992
5.115 59.27472100876 55.2951668226865 63.5406809049506
5.13 59.1238631655593 55.1486875742936 63.3855736079057
5.145 58.9733892649309 55.0025963556588 63.2308449387454
5.16 58.8232983297172 54.8568921388749 63.0764939732124
5.175 58.6735893852472 54.7115738987575 62.9225197893051
5.19 58.524261459331 54.5666406128379 62.7689214672731
5.205 58.3753135822526 54.4220912613562 62.615698089611
5.22 58.2267447867643 54.2779248272536 62.4628487410529
5.235 58.0785541080797 54.1341402961658 62.3103725085675
5.25 57.9307405838682 53.9907366564154 62.1582684813519
5.265 57.7833032542482 53.8477128990051 62.0065357508268
5.28 57.6362411617812 53.7050680176104 61.8551734106307
5.295 57.4895533514653 53.5628010085725 61.7041805566146
5.31 57.3432388707293 53.4209108708917 61.5535562868366
5.325 57.1972967694261 53.2793966062197 61.4032997015565
5.34 57.051726099827 53.1382572188527 61.2534099032305
5.355 56.9065259166153 52.997491715725 61.1038859965056
5.37 56.7616952768801 52.8570991064013 60.9547270882145
5.385 56.6172332401104 52.71707840307 60.8059322873702
5.4 56.4731388681887 52.5774286205363 60.6575007051608
5.415 56.3294112253851 52.4381487762153 60.5094314549438
5.43 56.1860493783514 52.2992378901249 60.3617236522412
5.445 56.0430523961145 52.1606949848791 60.214376414734
5.46 55.900419350071 52.0225190856809 60.0673888622571
5.475 55.7581493139806 51.8847092203158 59.920760116794
5.49 55.6162413639605 51.7472644191446 59.7744893024712
5.505 55.4746945784791 51.6101837150966 59.6285755455536
5.52 55.3335080383503 51.4734661436631 59.4830179744388
5.535 55.1926808267274 51.3371107428904 59.337815719652
5.55 55.0522120290969 51.2011165533729 59.192967913841
5.565 54.912100733273 51.0654826182468 59.0484736917707
5.58 54.7723460293915 50.9302079831828 58.9043321903182
5.595 54.6329470099037 50.7952916963798 58.7605425484675
5.61 54.4939027695707 50.660732808558 58.6171039073044
5.625 54.3552124054577 50.5265303729522 58.4740154100115
5.64 54.2168750169276 50.3926834453055 58.3312762018627
5.655 54.0788897056357 50.259191083862 58.1888854302186
5.67 53.9412555755236 50.1260523493609 58.046842244521
5.685 53.8039717328133 49.9932663050294 57.905145796288
5.7 53.6670372860018 49.8608320165761 57.763795239109
5.715 53.5304513458548 49.7287485521849 57.6227897286393
5.73 53.3942130254011 49.5970149825077 57.4821284225957
5.745 53.2583214399271 49.4656303806588 57.3418104807506
5.76 53.1227757069708 49.3345938222074 57.2018350649279
5.775 52.9875749463159 49.2039043851718 57.0622013389973
5.79 52.8527182799867 49.0735611500126 56.9229084688696
5.805 52.7182048322417 48.9435631996264 56.7839556224916
5.82 52.5840337295683 48.8139096193389 56.6453419698413
5.835 52.4502041006771 48.6845994968993 56.5070666829229
5.85 52.3167150764961 48.5556319224731 56.3691289357617
5.865 52.1835657901651 48.427005988636 56.2315279043991
5.88 52.0507553770303 48.2987207903676 56.0942627668882
5.895 51.9182829746383 48.1707754250448 55.9573327032883
5.91 51.7861477227309 48.0431689924358 55.8207368956603
5.925 51.654348763239 47.9159005946933 55.6844745280616
5.94 51.5228852402778 47.7889693363487 55.5485447865417
5.955 51.3917563001403 47.6623743243053 55.4129468591366
5.97 51.2609610912925 47.5361146678324 55.2776799358648
5.985 51.1304987643676 47.4101894785588 55.1427432087216
6 51.0003684721605 47.2845978704666 55.008135871675
6.015 50.8705693696221 47.1593389598852 54.8738571206604
6.03 50.7411006138543 47.0344118654847 54.7399061535762
6.045 50.6119613641039 46.9098157082699 54.6062821702785
6.06 50.4831507817578 46.7855496115741 54.4729843725767
6.075 50.3546680303369 46.661612701053 54.3400119642287
6.09 50.2265122754912 46.5380041046784 54.2073641509363
6.105 50.0986826849943 46.4147229527322 54.0750401403397
6.12 49.9711784287374 46.2917683778002 53.9430391420139
6.135 49.8439986787249 46.1691395147659 53.8113603674628
6.15 49.7171426090682 46.0468355008046 53.6800030301156
6.165 49.5906093959807 45.9248554753775 53.5489663453212
6.18 49.4643982177724 45.803198580225 53.4182495303441
6.195 49.3385082548445 45.6818639593614 53.2878518043595
6.21 49.2129386896843 45.5608507590683 53.1577723884486
6.225 49.0876887068595 45.440158127889 53.0280105055938
6.24 48.9627574930132 45.3197852166222 52.8985653806747
6.255 48.8381442368587 45.1997311783164 52.7694362404626
6.27 48.7138481291738 45.0799951682634 52.6406223136166
6.285 48.5898683627961 44.960576343993 52.5121228306784
6.3 48.4662041326172 44.8414738652664 52.3839370240683
6.315 48.342854635578 44.722686894071 52.2560641280802
6.33 48.2198190706631 44.6042145946137 52.1285033788771
6.345 48.0970966388957 44.4860561333159 52.0012540144867
6.36 47.9746865433326 44.3682106788069 51.8743152747965
6.375 47.8525879890588 44.2506774019183 51.7476864015497
6.39 47.7308001831823 44.1334554756785 51.6213666383405
6.405 47.6093223348291 44.0165440753062 51.4953552306092
6.42 47.4881536551382 43.8999423782053 51.3696514256385
6.435 47.3672933572562 43.7836495639586 51.2442544725481
6.45 47.246740656332 43.6676648143223 51.119163622291
6.465 47.1264947695126 43.5519873132201 50.9943781276485
6.48 47.0065549159368 43.4366162467377 50.8698972432259
6.495 46.8869203167311 43.3215508031166 50.7457202254481
6.51 46.7675901950042 43.206790172749 50.6218463325552
6.525 46.648563775842 43.0923335481715 50.4982748245978
6.54 46.5298402863026 42.9781801240599 50.3750049634329
6.555 46.4114189554114 42.8643290972232 50.2520360127195
6.57 46.2932990141558 42.7507796665983 50.1293672379137
6.585 46.1754796954805 42.6375310332438 50.006997906265
6.6 46.0579602342825 42.5245824003352 49.8849272868115
6.615 45.9407398674057 42.4119329731584 49.7631546503754
6.63 45.8238178336366 42.2995819591046 49.6416792695593
6.645 45.7071933736989 42.187528567665 49.5205004187411
6.66 45.5908657302488 42.0757720104244 49.3996173740701
6.675 45.4748341478698 41.9643115010566 49.2790294134625
6.69 45.3590978730683 41.853146255318 49.1587358165974
6.705 45.243656154268 41.7422754910427 49.0387358649119
6.72 45.1285082418057 41.631698428137 48.9190288415975
6.735 45.0136533879259 41.5214142885732 48.7996140315953
6.75 44.8990908467766 41.4114222963851 48.6804907215918
6.765 44.7848198744035 41.3017216776618 48.561658200015
6.78 44.670839728746 41.1923116605427 48.4431157570297
6.795 44.5571496696322 41.0831914752116 48.3248626845336
6.81 44.4437489587737 40.974360353892 48.2068982761528
6.825 44.3306368597614 40.8658175308408 48.0892218272379
6.84 44.2178126380601 40.7575622423439 47.9718326348594
6.855 44.1052755610042 40.6495937267098 47.8547299978037
6.87 43.9930248977928 40.541911224265 47.7379132165691
6.885 43.8810599194848 40.4345139773486 47.6213815933613
6.9 43.7693798989946 40.3274012303064 47.5051344320894
6.915 43.6579841110867 40.2205722294862 47.3891710383616
6.93 43.5468718323715 40.1140262232322 47.2734907194812
6.945 43.4360423413007 40.0077624618797 47.1580927844427
6.96 43.325494918162 39.90178019775 47.042976543927
6.975 43.2152288450751 39.7960786851449 46.9281413102979
6.99 43.1052434059867 39.6906571803419 46.8135863975977
7.005 42.9955378866658 39.5855149415881 46.6993111215431
7.02 42.8861115746993 39.4806512290962 46.5853147995214
7.035 42.7769637594871 39.376065305038 46.471596750586
7.05 42.6680937322375 39.2717564335403 46.3581562954526
7.065 42.5595007859633 39.167723880679 46.2449927564952
7.08 42.4511842154758 39.0639669144744 46.1321054577416
7.095 42.3431433173818 38.9604848048856 46.0194937248702
7.11 42.2353773900777 38.8572768238057 45.907156885205
7.125 42.127885733746 38.7543422450568 45.7950942677123
7.14 42.0206676503499 38.6516803443843 45.6833052029963
7.155 41.9137224436294 38.5492903994526 45.5717890232955
7.17 41.8070494190963 38.4471716898391 45.460545062478
7.185 41.7006478840302 38.3453234970302 45.3495726560385
7.2 41.5945171474734 38.2437451044152 45.2388711410935
7.215 41.4886565202271 38.1424357972819 45.1284398563776
7.23 41.3830653148461 38.0413948628115 45.0182781422398
7.245 41.2777428456352 37.9406215900734 44.9083853406391
7.26 41.1726884286441 37.8401152700202 44.7987607951412
7.275 41.0679013816633 37.739875195483 44.6894038509138
7.29 40.9633810242196 37.6399006611661 44.5803138547233
7.305 40.8591266775714 37.540190963642 44.4714901549307
7.32 40.7551376647048 37.440745401347 44.3629321014876
7.335 40.651413310329 37.3415632745755 44.2546390459326
7.35 40.5479529408715 37.2426438854756 44.1466103413869
7.365 40.4447558844744 37.1439865380441 44.0388453425512
7.38 40.3418214709896 37.0455905381214 43.931343405701
7.395 40.2391490319747 36.947455193387 43.8241038886836
7.41 40.1367379006883 36.849579813354 43.7171261509134
7.425 40.034587412086 36.7519637093649 43.6104095533689
7.44 39.9326969028161 36.6546061945866 43.5039534585883
7.455 39.831065711215 36.5575065840051 43.3977572306659
7.47 39.7296931773031 36.4606641944213 43.2918202352483
7.485 39.6285786427806 36.3640783444458 43.1861418395307
7.5 39.527721451023 36.2677483544944 43.0807214122528
7.515 39.427120947077 36.1716735467828 42.9755583236955
7.53 39.3267764776562 36.0758532453225 42.8706519456768
7.545 39.2266873911369 35.9802867759156 42.7660016515481
7.56 39.1268530375537 35.8849734661503 42.6616068161904
7.575 39.0272727685955 35.7899126453958 42.5574668160108
7.59 38.9279459376012 35.695103644798 42.4535810289387
7.605 38.8288718995553 35.6005457972747 42.3499488344219
7.62 38.7300500110842 35.5062384375106 42.246569613423
7.635 38.6314796304516 35.4121809019531 42.1434427484157
7.65 38.5331601175544 35.3183725288071 42.0405676233812
7.665 38.4350908339186 35.2248126580309 41.9379436238045
7.68 38.3372711426953 35.1315006313311 41.8355701366705
7.695 38.2397004086562 35.0384357921582 41.7334465504606
7.71 38.1423779981899 34.9456174857019 41.6315722551491
7.725 38.0453032792975 34.8530450588866 41.5299466421991
7.74 37.9484756215885 34.7607178603667 41.4285691045595
7.755 37.851894396277 34.668635240522 41.3274390366609
7.77 37.7555589761771 34.5767965514531 41.226555834412
7.785 37.6594687356994 34.4852011469771 41.1259188951965
7.8 37.5636230508464 34.3938483826228 41.0255276178688
7.815 37.4680212992091 34.3027376156261 40.9253814027509
7.83 37.3726628599621 34.2118682049257 40.8254796516285
7.845 37.2775471138604 34.1212395111586 40.7258217677479
7.86 37.1826734432348 34.0308508966554 40.6264071558117
7.875 37.0880412319883 33.9407017254358 40.527235221976
7.89 36.9936498655916 33.8507913632045 40.4283053738463
7.905 36.8994987310799 33.7611191773462 40.3296170204744
7.92 36.8055872170479 33.6716845369217 40.2311695723544
7.935 36.7119147136467 33.5824868126629 40.1329624414195
7.95 36.6184806125794 33.493525376969 40.0349950410386
7.965 36.5252843070973 33.4047996039013 39.9372667860124
7.98 36.4323251919958 33.3163088691797 39.8397770925701
7.995 36.3396026636108 33.2280525501775 39.742525378366
8.01 36.2471161198143 33.1400300259175 39.6455110624761
8.025 36.1548649600109 33.0522406770675 39.5487335653942
8.04 36.0628485851338 32.964683885936 39.4521923090288
8.055 35.9710663976407 32.8773590364676 39.3558867166997
8.07 35.8795178015103 32.790265514239 39.2598162131342
8.085 35.788202202238 32.7034027064545 39.1639802244641
8.1 35.6971190068322 32.6167700019418 39.0683781782219
8.115 35.6062676238109 32.5303667911474 38.9730095033376
8.13 35.5156474631971 32.4441924661329 38.8778736301352
8.145 35.4252579365154 32.3582464205699 38.7829699903294
8.16 35.3350984567881 32.2725280497366 38.6882980170219
8.175 35.2451684385315 32.1870367505129 38.5938571446985
8.19 35.1554672977518 32.1017719213764 38.4996468092253
8.205 35.0659944519418 32.0167329623983 38.4056664478456
8.22 34.9767493200765 31.9319192752388 38.3119154991763
8.235 34.8877313226098 31.8473302631434 38.2183934032048
8.25 34.7989398814705 31.7629653309383 38.1250996012855
8.265 34.7103744200589 31.6788238850263 38.0320335361363
8.28 34.6220343632423 31.5949053333828 37.9391946518358
8.295 34.5339191373523 31.5112090855512 37.8465823938194
8.31 34.44602817018 31.4277345526394 37.7541962088764
8.325 34.3583608909731 31.3444811473151 37.6620355451463
8.34 34.270916730432 31.261448283802 37.570099852116
8.355 34.1836951207057 31.1786353778754 37.478388580616
8.37 34.0966954953885 31.0960418468582 37.3869011828176
8.385 34.0099172895165 31.0136671096171 37.2956371122291
8.4 33.9233599395634 30.931510586558 37.204595823693
8.415 33.8370228834371 30.8495716996223 37.1137767733827
8.43 33.7509055604762 30.7678498722826 37.0231794187989
8.445 33.6650074114463 30.6863445295388 36.9328032187665
8.46 33.5793278785358 30.6050550979141 36.8426476334318
8.475 33.4938664053534 30.5239810054506 36.7527121242586
8.49 33.4086224369235 30.4431216817058 36.6629961540255
8.505 33.323595419683 30.3624765577482 36.5734991868223
8.52 33.2387848014776 30.2820450661535 36.4842206880473
8.535 33.1541900315584 30.2018266410005 36.3951601244034
8.55 33.0698105605781 30.1218207178671 36.3063169638956
8.565 32.9856458405874 30.0420267338263 36.2176906758275
8.58 32.901695325032 29.9624441274426 36.1292807307982
8.595 32.8179584687481 29.8830723387676 36.0410866006989
8.61 32.7344347279596 29.8039108093361 35.9531077587101
8.625 32.6511235602744 29.7249589821625 35.8653436792984
8.64 32.5680244246808 29.6462163017366 35.7777938382131
8.655 32.4851367815439 29.5676822140197 35.6904577124833
8.67 32.4024600926023 29.4893561664409 35.6033347804146
8.685 32.3199938209644 29.4112376078931 35.5164245215864
8.7 32.2377374311053 29.3333259887289 35.4297264168481
8.715 32.1556903888626 29.2556207607572 35.3432399483166
8.73 32.0738521614338 29.1781213772388 35.2569645993729
8.745 31.9922222173723 29.1008272928831 35.1708998546593
8.76 31.9108000265838 29.0237379638439 35.0850452000758
8.775 31.8295850603234 28.9468528477156 34.9994001227777
8.79 31.7485767911919 28.8701714035295 34.9139641111719
8.805 31.6677746931322 28.79369309175 34.8287366549143
8.82 31.5871782414262 28.7174173742707 34.7437172449065
8.835 31.5067869126911 28.6413437144108 34.658905373293
8.85 31.4266001848762 28.5654715769109 34.5743005334578
8.865 31.3466175372596 28.4898004279298 34.4899022200216
8.88 31.2668384504443 28.4143297350403 34.4057099288391
8.895 31.1872624063556 28.3390589672258 34.3217231569951
8.91 31.1078888882372 28.2639875948762 34.2379414028026
8.925 31.0287173806478 28.1891150897844 34.1543641657989
8.94 30.9497473694581 28.1144409251426 34.0709909467431
8.955 30.8709783418472 28.0399645755385 33.987821247613
8.97 30.7924097862997 27.9656855169517 33.9048545716019
8.985 30.7140411926014 27.8916032267499 33.8220904231162
9 30.6358720518372 27.8177171836853 33.7395283077718
9.015 30.5579018563869 27.7440268678908 33.6571677323915
9.03 30.4801300999225 27.6705317608766 33.575008205002
9.045 30.4025562774043 27.5972313455263 33.493049234831
9.06 30.3251798850782 27.5241251060935 33.411290332304
9.075 30.248000420472 27.4512125281978 33.3297310090419
9.09 30.1710173823926 27.3784930988217 33.2483707778574
9.105 30.0942302709221 27.3059663063064 33.1672091527528
9.12 30.0176385874154 27.2336316403488 33.0862456489166
9.135 29.9412418344959 27.1614885919974 33.0054797827207
9.15 29.8650395160534 27.0895366536491 32.9249110717177
9.165 29.78903113724 27.0177753190452 32.8445390346377
9.18 29.7132162044672 26.9462040832684 32.7643631913859
9.195 29.637594225403 26.8748224427389 32.6843830630393
9.21 29.5621647089682 26.8036298952107 32.6045981718438
9.225 29.4869271653334 26.7326259397684 32.5250080412119
9.24 29.4118811059159 26.6618100768236 32.4456121957191
9.255 29.3370260433766 26.5911818081112 32.3664101611018
9.27 29.2623614916164 26.5207406366862 32.2874014642538
9.285 29.1878869657738 26.4504860669199 32.208585633224
9.3 29.1136019822208 26.3804176044965 32.1299621972133
9.315 29.0395060585607 26.3105347564098 32.0515306865718
9.33 28.9655987136242 26.2408370309595 31.9732906327961
9.345 28.8918794674669 26.171323937748 31.8952415685266
9.36 28.8183478413656 26.1019949876764 31.8173830275442
9.375 28.7450033578156 26.0328496929419 31.7397145447682
9.39 28.6718455405276 25.9638875670336 31.662235656253
9.405 28.5988739144243 25.8951081247295 31.5849458991856
9.42 28.5260880056377 25.8265108820929 31.5078448118828
9.435 28.4534873415055 25.7580953564693 31.4309319337884
9.45 28.3810714505688 25.6898610664825 31.3542068054703
9.465 28.3088398625682 25.6218075320316 31.2776689686181
9.48 28.2367921084413 25.5539342742875 31.20131796604
9.495 28.1649277203194 25.4862408156895 31.1251533416604
9.51 28.0932462315249 25.4187266799421 31.0491746405169
9.525 28.0217471765674 25.3513913920114 30.9733814087577
9.54 27.9504300911417 25.2842344781219 30.897773193639
9.555 27.8792945121238 25.2172554657532 30.822349543522
9.57 27.8083399775688 25.1504538836366 30.7471100078705
9.585 27.7375660267072 25.0838292617519 30.6720541372481
9.6 27.6669721999424 25.0173811313238 30.5971814833155
9.615 27.5965580388473 24.9511090248189 30.5224915988276
9.63 27.5263230861617 24.8850124759425 30.4479840376315
9.645 27.4562668857891 24.8190910196349 30.373658354663
9.66 27.3863889827936 24.7533441920684 30.2995141059446
9.675 27.3166889233975 24.6877715306441 30.2255508485823
9.69 27.2471662549777 24.6223725739885 30.1517681407636
9.705 27.1778205260632 24.5571468619501 30.0781655417541
9.72 27.108651286332 24.4920939355968 30.0047426118955
9.735 27.0396580866081 24.4272133372118 29.9314989126028
9.75 26.9708404788588 24.362504610291 29.8584340063614
9.765 26.9021980161917 24.2979672995396 29.7855474567248
9.78 26.8337302528515 24.233600950869 29.712838828312
9.795 26.7654367442178 24.1694051113932 29.6403076868047
9.81 26.6973170468014 24.1053793294261 29.5679535989448
9.825 26.6293707182421 24.0415231544783 29.4957761325317
9.84 26.5615973173053 23.9778361372534 29.4237748564201
9.855 26.4939964038794 23.9143178296455 29.3519493405169
9.87 26.4265675389732 23.8509677847357 29.2802991557791
9.885 26.3593102847124 23.7877855567888 29.2088238742109
9.9 26.2922242043372 23.7247707012506 29.1375230688613
9.915 26.2253088621995 23.6619227747446 29.0663963138214
9.93 26.15856382376 23.5992413350685 28.9954431842222
9.945 26.0919886555851 23.5367259411917 28.9246632562316
9.96 26.0255829253444 23.4743761532518 28.8540561070524
9.975 25.959346201808 23.4121915325516 28.7836213149191
9.99 25.8932780548432 23.3501716415562 28.7133584590961
10.005 25.8273780554122 23.2883160438894 28.6432671198747
10.02 25.7616457755691 23.2266243043313 28.5733468785706
10.035 25.6960807884572 23.1650959888148 28.5035973175219
10.05 25.630682668306 23.1037306644227 28.4340180200858
10.065 25.5654509904289 23.0425278993845 28.3646085706369
10.08 25.5003853312198 22.9814872630736 28.2953685545642
10.095 25.435485268151 22.9206083260041 28.2262975582689
10.11 25.3707503797701 22.8598906598278 28.1573951691618
10.125 25.3061802456971 22.7993338373313 28.0886609756607
10.14 25.2417744466221 22.7389374324329 28.0200945671882
10.155 25.1775325643025 22.6787010201794 27.9516955341694
10.17 25.1134541815598 22.6186241767436 27.8834634680288
10.185 25.0495388822775 22.5587064794209 27.8153979611885
10.2 24.9857862513981 22.4989475066264 27.7474986070654
10.215 24.9221958749204 22.4393468378922 27.679765000069
10.23 24.8587673398968 22.3799040538641 27.6121967355989
10.245 24.7955002344309 22.3206187362986 27.5447934100422
10.26 24.7323941476744 22.2614904680606 27.4775546207714
10.275 24.6694486698246 22.2025188331197 27.4104799661418
10.29 24.606663392122 22.1437034165475 27.3435690454891
10.305 24.5440379068473 22.085043804515 27.276821459127
10.32 24.4815718073187 22.0265395842893 27.2102368083451
10.335 24.4192646878897 21.968190344231 27.1438146954061
10.35 24.357116143946 21.9099956737909 27.0775547235435
10.365 24.2951257719032 21.8519551635076 27.0114564969596
10.38 24.2332931692041 21.7940684050043 26.9455196208226
10.395 24.1716179343157 21.7363349909859 26.8797437012648
10.41 24.1100996667274 21.6787545152365 26.8141283453796
10.425 24.0487379669475 21.6213265726159 26.7486731612199
10.44 23.9875324365013 21.5640507590576 26.6833777577952
10.455 23.9264826779281 21.506926671565 26.6182417450693
10.47 23.8655882947789 21.4499539082095 26.5532647339582
10.485 23.8048488916136 21.393132068127 26.4884463363278
10.5 23.7442640739984 21.3364607515152 26.4237861649914
10.515 23.6838334485036 21.2799395596311 26.3592838337074
10.53 23.6235566227006 21.223568094788 26.2949389571771
10.545 23.5634332051597 21.1673459603525 26.2307511510421
10.56 23.5034628054473 21.111272760742 26.1667200318827
10.575 23.4436450341237 21.0553481014218 26.1028452172149
10.59 23.3839795027399 20.9995715889024 26.0391263254882
10.605 23.3244658238361 20.9439428307366 25.9755629760838
10.62 23.2651036109381 20.8884614355169 25.9121547893118
10.635 23.2058924785556 20.8331270128725 25.8489013864093
10.65 23.1468320421792 20.7779391734668 25.785802389538
10.665 23.0879219182784 20.7228975289947 25.7228574217817
10.68 23.0291617242986 20.6680016921794 25.6600661071445
10.695 22.9705510786587 20.6132512767704 25.5974280705483
10.71 22.912089600749 20.5586458975401 25.5349429378306
10.725 22.8537769109283 20.5041851702815 25.472610335742
10.74 22.7956126305218 20.4498687118055 25.4104298919447
10.755 22.7375963818183 20.3956961399378 25.3484012350094
10.77 22.6797277880678 20.3416670735167 25.2865239944137
10.785 22.6220064734794 20.2877811323902 25.2247978005396
10.8 22.5644320632185 20.2340379374133 25.1632222846713
10.815 22.5070041834044 20.1804371104453 25.1017970789932
10.83 22.449722461108 20.1269782743474 25.0405218165874
10.845 22.3925865243495 20.0736610529798 24.9793961314319
10.86 22.3355960020955 20.0204850711989 24.918419658398
10.875 22.2787505242572 19.9674499548551 24.8575920332482
10.89 22.2220497216874 19.9145553307899 24.7969128926345
10.905 22.1654932261787 19.8618008268332 24.7363818740956
10.92 22.1090806704606 19.8091860718009 24.675998616055
10.935 22.0528116881975 19.7567106954922 24.6157627578189
10.95 21.9966859139859 19.704374328687 24.5556739395738
10.965 21.9407029833525 19.652176603143 24.4957318023849
10.98 21.8848625327516 19.6001171515937 24.4359359881932
10.995 21.8291641995625 19.5481956077455 24.3762861398141
11.01 21.7736076220877 19.496411606275 24.3167819009345
11.025 21.7181924395501 19.4447647828265 24.2574229161114
11.04 21.6629182920908 19.3932547740097 24.1982088307695
11.055 21.6077848207668 19.3418812173967 24.1391392911987
11.07 21.5527916675485 19.2906437515199 24.0802139445527
11.085 21.4979384753177 19.2395420158691 24.0214324388464
11.1 21.443224887865 19.1885756508892 23.9627944229537
11.115 21.3886505498876 19.1377442979776 23.904299546606
11.13 21.3342151069869 19.0870475994815 23.8459474603894
11.145 21.2799182056663 19.0364851986956 23.7877378157432
11.16 21.2257594933289 18.9860567398596 23.7296702649574
11.175 21.1717386182751 18.9357618681555 23.6717444611709
11.19 21.1178552297006 18.8856002297055 23.6139600583691
11.205 21.0641089776937 18.8355714715689 23.5563167113824
11.22 21.0104995132333 18.7856752417401 23.4988140758834
11.235 20.9570264881866 18.735911189146 23.4414518083854
11.25 20.9036895553069 18.6862789636435 23.3842295662404
11.265 20.8504883682312 18.636778216017 23.3271470076363
11.28 20.7974225814779 18.587408597976 23.270203791596
11.295 20.7444918504448 18.5381697621528 23.2133995779742
11.31 20.6916958314068 18.4890613620995 23.1567340274563
11.325 20.6390341815134 18.4400830522864 23.1002068015558
11.34 20.5865065587869 18.3912344880988 23.0438175626126
11.355 20.5341126221198 18.342515325835 22.9875659737906
11.37 20.4818520312727 18.293925222704 22.9314516990763
11.385 20.4297244468723 18.2454638368224 22.8754744032762
11.4 20.377729530409 18.197130827213 22.819633752015
11.415 20.3258669442345 18.1489258538014 22.7639294117338
11.43 20.2741363515602 18.1008485774143 22.7083610496878
11.445 20.2225374164542 18.0528986597769 22.6529283339446
11.46 20.1710698038401 18.0050757635105 22.5976309333818
11.475 20.1197331794938 17.95737955213 22.5424685176857
11.49 20.0685272100421 17.9098096900417 22.4874407573486
11.505 20.0174515629602 17.8623658425411 22.4325473236671
11.52 19.9665059065696 17.8150476758101 22.3777878887406
11.535 19.9156899100359 17.767854856915 22.3231621254684
11.55 19.8650032433667 17.7207870538041 22.2686697075487
11.565 19.8144455774094 17.6738439353052 22.214310309476
11.58 19.7640165838494 17.6270251711236 22.1600836065394
11.595 19.7137159352073 17.5803304318392 22.1059892748208
11.61 19.6635433048373 17.533759388905 22.0520269911927
11.625 19.613498366925 17.487311714644 21.9981964333162
11.64 19.5635807964852 17.4409870822473 21.9444972796396
11.655 19.5137902693598 17.3947851657719 21.8909292093958
11.67 19.4641264622156 17.3487056401379 21.837491902601
11.685 19.4145890525424 17.302748181127 21.7841850400523
11.7 19.3651777186508 17.2569124653793 21.731008303326
11.715 19.3158921396701 17.2111981703919 21.677961374776
11.73 19.2667319955464 17.165604974516 21.6250439375311
11.745 19.21769696704 17.1201325569548 21.572255675494
11.76 19.1687867357239 17.0747805977615 21.5195962733388
11.775 19.1200009839817 17.0295487778367 21.4670654165095
11.79 19.071339395005 16.9844367789265 21.4146627912178
11.805 19.0228016527918 16.9394442836197 21.3623880844415
11.82 18.9743874421446 16.8945709753464 21.3102409839225
11.835 18.9260964486677 16.849816538375 21.2582211781647
11.85 18.8779283587659 16.8051806578104 21.2063283564328
11.865 18.829882859642 16.7606630195915 21.1545622087496
11.88 18.7819596392947 16.7162633104895 21.102922425895
11.895 18.734158386517 16.671981218105 21.0514086994034
11.91 18.6864787908939 16.6278164308664 21.0000207215623
11.925 18.6389205428004 16.5837686380273 20.9487581854104
11.94 18.5914833333994 16.5398375296646 20.8976207847356
11.955 18.5441668546401 16.4960227966762 20.8466082140734
11.97 18.4969707992553 16.4523241307787 20.7957201687049
11.985 18.4498948607603 16.4087412245055 20.744956344655
12 18.4029387334499 16.3652737712045 20.6943164386907
12.015 18.3561021123974 16.3219214650357 20.6438001483192
12.03 18.3093846934518 16.2786840009696 20.5934071717861
12.045 18.2627861732365 16.2355610747845 20.5431372080736
12.06 18.2163062491467 16.1925523830647 20.4929899568987
12.075 18.169944619348 16.1496576231982 20.4429651187114
12.09 18.1237009827741 16.1068764933748 20.3930623946929
12.105 18.0775750391248 16.0642086925836 20.343281486754
12.12 18.0315664888644 16.0216539206112 20.2936220975328
12.135 17.9856750332195 15.9792118780394 20.2440839303938
12.15 17.9399003741769 15.9368822662433 20.1946666894251
12.165 17.8942422144821 15.8946647873889 20.1453700794375
12.18 17.848700257637 15.8525591444314 20.0961938059622
12.195 17.8032742078981 15.8105650411126 20.0471375752492
12.21 17.7579637702747 15.7686821819594 19.9982010942658
12.225 17.7127686505267 15.7269102722812 19.9493840706942
12.24 17.667688555163 15.6852490181681 19.9006862129305
12.255 17.6227231914394 15.6436981264888 19.8521072300826
12.27 17.5778722673568 15.6022573048886 19.8036468319684
12.285 17.5331354916592 15.5609262617871 19.7553047291141
12.3 17.4885125738317 15.5197047063764 19.7070806327527
12.315 17.4440032240992 15.478592348619 19.6589742548219
12.33 17.3996071534238 15.4375888992456 19.6109853079628
12.345 17.3553240735031 15.3966940697533 19.5631135055178
12.36 17.3111536967688 15.3559075724035 19.515358561529
12.375 17.2670957363843 15.3152291202196 19.4677201907368
12.39 17.2231499062429 15.2746584269855 19.4201981085777
12.405 17.1793159209662 15.234195207243 19.3727920311829
12.42 17.1355934959021 15.1938391762903 19.3255016753766
12.435 17.091982347123 15.1535900501799 19.2783267586743
12.45 17.0484821914237 15.1134475457161 19.2312669992808
12.465 17.0050927463201 15.0734113804538 19.184322116089
12.48 16.9618137300467 15.0334812726958 19.1374918286781
12.495 16.9186448615554 14.9936569414913 19.0907758573116
12.51 16.8755858605132 14.9539381066338 19.0441739229359
12.525 16.8326364473006 14.9143244886588 18.9976857471788
12.54 16.7897963430099 14.8748158088425 18.9513110523473
12.555 16.7470652694429 14.8354117891992 18.9050495614265
12.57 16.7044429491099 14.7961121524796 18.8589009980776
12.585 16.6619291052269 14.7569166221689 18.8128650866365
12.6 16.6195234617148 14.7178249224849 18.7669415521119
12.615 16.5772257431969 14.6788367783757 18.7211301201837
12.63 16.5350356749973 14.6399519155183 18.6754305172016
12.645 16.4929529831394 14.6011700603162 18.6298424701833
12.66 16.4509773943437 14.5624909398977 18.5843657068127
12.675 16.4091086360261 14.5239142821142 18.5389999554386
12.69 16.3673464362967 14.4854398155376 18.4937449450728
12.705 16.325690523957 14.4470672694591 18.4486004053887
12.72 16.2841406284992 14.408796373887 18.4035660667195
12.735 16.2426964801037 14.3706268595448 18.3586416600569
12.75 16.2013578096375 14.3325584578693 18.3138269170489
12.765 16.160124348653 14.2945909010087 18.2691215699989
12.78 16.1189958293854 14.2567239218208 18.2245253518636
12.795 16.0779719847515 14.2189572538712 18.1800379962515
12.81 16.0370525483478 14.181290631431 18.1356592374215
12.825 15.9962372544491 14.1437237894754 18.0913888102813
12.84 15.9555258380061 14.1062564636818 18.0472264503855
12.855 15.9149180346442 14.0688883904275 18.0031718939342
12.87 15.8744135806617 14.0316193067884 17.9592248777718
12.885 15.8340122130281 13.9944489505367 17.9153851393847
12.9 15.7937136693822 13.9573770601395 17.8716524169003
12.915 15.7535176880306 13.9204033747565 17.8280264490851
12.93 15.7134240079458 13.8835276342383 17.7845069753436
12.945 15.6734323687648 13.846749579125 17.7410937357161
12.96 15.6335425107872 13.8100689506437 17.6977864708777
12.975 15.5937541749734 13.7734854907071 17.6545849221363
12.99 15.5540671029433 13.7369989419116 17.6114888314315
13.005 15.5144810369743 13.7006090475356 17.5684979413329
13.02 15.4749957199996 13.6643155515372 17.5256119950382
13.035 15.4356108956069 13.6281181985531 17.4828307363722
13.05 15.3963263080362 13.5920167338965 17.440153909785
13.065 15.3571417021787 13.5560109035549 17.3975812603506
13.08 15.3180568235746 13.5201004541891 17.355112533765
13.095 15.2790714184119 13.4842851331309 17.3127474763454
13.11 15.2401852335246 13.4485646883811 17.2704858350279
13.125 15.2013980163909 13.4129388686086 17.2283273573664
13.14 15.1627095151317 13.3774074231477 17.1862717915313
13.155 15.1241194785089 13.3419701019968 17.1443188863075
13.17 15.0856276559241 13.3066266558166 17.1024683910931
13.185 15.0472337974162 13.2713768359284 17.0607200558982
13.2 15.0089376536608 13.2362203943121 17.0190736313427
13.215 14.9707389759677 13.2011570836047 16.9775288686557
13.23 14.9326375162796 13.1661866570984 16.9360855196734
13.245 14.8946330271708 13.1313088687391 16.8947433368377
13.26 14.8567252618452 13.0965234731244 16.8535020731949
13.275 14.8189139741346 13.061830225502 16.8123614823942
13.29 14.7811989184976 13.0272288817679 16.7713213186859
13.305 14.7435798500175 12.9927191984648 16.7303813369204
13.32 14.7060565244012 12.9583009327803 16.6895412925466
13.335 14.668628697977 12.9239738425453 16.6488009416102
13.35 14.6312961276936 12.8897376862321 16.6081600407525
13.365 14.5940585711182 12.8555922229529 16.5676183472087
13.38 14.556915786435 12.821537212458 16.5271756188069
13.395 14.5198675324437 12.7875724151341 16.4868316139661
13.41 14.4829135685578 12.7536975920027 16.4465860916951
13.425 14.4460536548032 12.7199125047184 16.4064388115909
13.44 14.4092875518163 12.686216915567 16.3663895338376
13.455 14.3726150208431 12.6526105874642 16.3264380192044
13.47 14.3360358237368 12.6190932839537 16.2865840290447
13.485 14.2995497229571 12.5856647692056 16.2468273252942
13.5 14.2631564815679 12.5523248080146 16.2071676704701
13.515 14.2268558632365 12.5190731657986 16.167604827669
13.53 14.1906476322313 12.4859096085969 16.1281385605658
13.545 14.1545315534208 12.4528339030685 16.0887686334126
13.56 14.1185073922721 12.4198458164907 16.0494948110367
13.575 14.082574914849 12.386945116757 16.0103168588394
13.59 14.0467338878106 12.3541315723761 15.971234542795
13.605 14.0109840784101 12.3214049524697 15.9322476294487
13.62 13.975325254493 12.2887650267711 15.8933558859159
13.635 13.9397571844955 12.2562115656237 15.8545590798804
13.65 13.9042796374433 12.2237443399793 15.8158569795929
13.665 13.8688923829499 12.1913631213964 15.7772493538701
13.68 13.8335951912151 12.1590676820385 15.7387359720928
13.695 13.7983878330236 12.1268577946728 15.7003166042049
13.71 13.7632700797434 12.0947332326686 15.6619910207119
13.725 13.7282417033245 12.0626937699952 15.6237589926793
13.74 13.6933024762973 12.0307391812209 15.5856202917318
13.755 13.658452171771 11.9988692415112 15.5475746900513
13.77 13.6236905634323 11.9670837266271 15.5096219603759
13.785 13.5890174255439 11.9353824129237 15.4717618759985
13.8 13.554432532943 11.9037650773483 15.4339942107653
13.815 13.51993566104 11.8722314974395 15.3963187390746
13.83 13.4855265858166 11.8407814513248 15.3587352358756
13.845 13.4512050838248 11.8094147177198 15.3212434766666
13.86 13.4169709321854 11.7781310759259 15.2838432374941
13.875 13.3828239085864 11.7469303058296 15.2465342949511
13.89 13.3487637912813 11.7158121879 15.2093164261761
13.905 13.3147903590883 11.6847765031882 15.1721894088517
13.92 13.2809033913885 11.653823033325 15.135153021203
13.935 13.2471026681243 11.6229515605198 15.0982070419965
13.95 13.2133879697982 11.5921618675589 15.0613512505389
13.965 13.1797590774715 11.5614537378041 15.0245854266755
13.98 13.1462157727626 11.5308269551908 14.9879093507889
13.995 13.1127578378457 11.5002813042271 14.9513228037982
14.01 13.0793850554494 11.4698165699918 14.9148255671568
14.025 13.0460972088551 11.439432538133 14.8784174228519
14.04 13.0128940818961 11.4091289948667 14.8420981534029
14.055 12.9797754589556 11.3789057269753 14.8058675418598
14.07 12.9467411249656 11.3487625218057 14.7697253718025
14.085 12.9137908654055 11.3186991672685 14.7336714273391
14.1 12.8809244663007 11.288715451836 14.6977054931046
14.115 12.8481417142211 11.2588111645407 14.6618273542599
14.13 12.8154423962799 11.2289860949742 14.6260367964901
14.145 12.7828263001319 11.1992400332852 14.5903336060038
14.16 12.7502932139726 11.1695727701787 14.5547175695311
14.175 12.7178429265364 11.1399840969138 14.519188474323
14.19 12.6854752270954 11.1104738053027 14.4837461081496
14.205 12.653189905458 11.0810416877089 14.4483902592993
14.22 12.6209867519676 11.0516875370463 14.4131207165772
14.235 12.5888655575011 11.0224111467772 14.3779372693039
14.25 12.5568261134679 10.9932123109108 14.3428397073143
14.265 12.5248682118078 10.9640908240024 14.3078278209564
14.28 12.4929916449907 10.9350464811512 14.2729014010899
14.295 12.4611962060141 10.9060790779994 14.238060239085
14.31 12.4294816884027 10.8771884107304 14.2033041268212
14.325 12.3978478862067 10.8483742760676 14.1686328566862
14.34 12.3662945940003 10.8196364712728 14.1340462215743
14.355 12.3348216068806 10.7909747941451 14.0995440148854
14.37 12.3034287204661 10.7623890430189 14.0651260305238
14.385 12.2721157308956 10.7338790167631 14.0307920628968
14.4 12.2408824348266 10.7054445147793 13.9965419069136
14.415 12.2097286294343 10.6770853370004 13.962375357984
14.43 12.1786541124099 10.6488012838895 13.9282922120174
14.445 12.1476586819597 10.6205921564381 13.8942922654211
14.46 12.1167421368033 10.5924577561649 13.8603753150997
14.475 12.0859042761728 10.5643978851144 13.8265411584534
14.49 12.0551448998113 10.5364123458557 13.7927895933769
14.505 12.0244638079714 10.5085009414806 13.7591204182584
14.52 11.993860801414 10.4806634756026 13.7255334319782
14.535 11.9633356814074 10.4528997523555 13.6920284339075
14.55 11.9328882497255 10.425209576392 13.6586052239072
14.565 11.9025183086465 10.3975927528822 13.625263602327
14.58 11.8722256609521 10.3700490875123 13.5920033700037
14.595 11.842010109926 10.3425783864832 13.5588243282604
14.61 11.8118714593521 10.3151804565094 13.525726278905
14.625 11.7818095135142 10.2878551048173 13.4927090242296
14.64 11.751824077194 10.2606021391438 13.4597723670085
14.655 11.7219149556699 10.2334213677353 13.4269161104977
14.67 11.692081954716 10.2063125993462 13.3941400584333
14.685 11.6623248806008 10.1792756432374 13.3614440150306
14.7 11.6326435400858 10.1523103091751 13.3288277849828
14.715 11.6030377404243 10.1254164074294 13.2962911734599
14.73 11.57350728936 10.0985937487731 13.2638339861074
14.745 11.5440519951262 10.0718421444803 13.2314560290454
14.76 11.514671666444 10.0451614063249 13.1991571088669
14.775 11.4853661125215 10.0185513465795 13.1669370326375
14.79 11.4561351430523 9.992011778014 13.1347956078934
14.805 11.4269785682142 9.96554251389423 13.1027326426409
14.82 11.3978961986684 9.93914336798074 13.0707479453547
14.835 11.3688878455578 9.91281415452743 13.0388413249773
14.85 11.3399533205059 9.88655468828023 13.0070125909173
14.865 11.3110924356158 9.86036478447583 12.9752615530488
14.88 11.2823050034687 9.83424425884035 12.9435880217098
14.895 11.2535908371227 9.80819292758808 12.9119918077014
14.91 11.2249497501119 9.78221060742016 12.8804727222866
14.925 11.1963815564449 9.75629711552329 12.849030577189
14.94 11.1678860706035 9.73045226956845 12.8176651845919
14.955 11.1394631075419 9.70467588770961 12.7863763571369
14.97 11.111112482685 9.67896778858249 12.7551639079231
14.985 11.0828340119276 9.65332779130321 12.7240276505059
