0.1 0.180967483607192 0.06389897377022 0.0347738638127427
0.2 0.327492301231193 0.11516700134962 0.062626691961835
0.3 0.444490932409031 0.155196173921635 0.084281844469313
0.4 0.536256036828512 0.185257621589571 0.100407553707663
0.5 0.606530659712633 0.206510743088694 0.111620424160486
0.6 0.658573963312832 0.22001178673765 0.118488734784638
0.7 0.695219425307973 0.226721825721981 0.121535554225146
0.8 0.718926342587555 0.227514168056198 0.121241678633223
0.9 0.731825387533078 0.223181238994164 0.118048401360203
1 0.735758882342885 0.214440971240177 0.112360123344896
1.1 0.732316384135775 0.201942736045546 0.104546812577977
1.2 0.722866108589285 0.186272846148562 0.0949463206133675
1.3 0.708582661888433 0.167959659521068 0.0838665637024366
1.4 0.690471499036498 0.147478311014365 0.0715875757512026
1.5 0.66939048044529 0.125255097243332 0.0583634399428084
1.6 0.646068857582897 0.101671538403461 0.0444241055265423
1.7 0.621123981779298 0.0770681391741395 0.0299770959498093
1.8 0.595075997597712 0.0517478694169113 0.0152091141999977
1.9 0.568360753046013 0.0259793840235318 0.000287550928433934
2 0.541341132946451 0 -0.0146380993521002
2.1 0.514316998662524 -0.0259815523159138 -0.0294349089721438
2.2 0.487533896794269 -0.051782588119642 -0.0439852699430227
2.3 0.461190681124897 -0.0772441223463207 -0.0581857243997572
2.4 0.43544617578918 -0.102228705454683 -0.0719458683528759
2.5 0.410424993119494 -0.126618427938947 -0.085187324672216
2.6 0.386222606714536 -0.150313081575758 -0.0978427814348153
2.7 0.362909768794649 -0.173228466215018 -0.109855091967927
2.8 0.340536350701221 -0.195294831673899 -0.121176433107473
2.9 0.319134676327162 -0.216455444995688 -0.131767518372365
3 0.298722410207184 -0.236665273992293 -0.141596862926441
3.1 0.279305054840058 -0.255889778604121 -0.150640097362765
3.2 0.260878105461544 -0.274103802186188 -0.158879327500047
3.3 0.243428904848184 -0.291290555367223 -0.166302537528354
3.4 0.226938235730217 -0.307440685631612 -0.172903033981462
3.5 0.21138168395623 -0.322551426244261 -0.178678928146489
3.6 0.196730801620506 -0.336625818578153 -0.183632654648116
3.7 0.182954095880511 -0.349672002315233 -0.187770524065142
3.8 0.170017866106859 -0.361702568375216 -0.191102307551589
3.9 0.157886909277274 -0.372733969785652 -0.193640851543277
4 0.146525111109873 -0.382785986041644 -0.195401720734172
4.1 0.135895938294442 -0.391881236816542 -0.196402867604931
4.2 0.125962845292013 -0.400044741177162 -0.196664326879334
4.3 0.116689607504928 -0.407303518729783 -0.196207933372805
4.4 0.108040591147002 -0.413686229377836 -0.195057061781352
4.5 0.0999809688441808 -0.419222848609676 -0.19323638703903
4.6 0.0924768888506289 -0.423944375456495 -0.190771663947844
4.7 0.0854956047559407 -0.42788257046712 -0.187689524855917
4.8 0.0790055716705922 -0.43106972123919 -0.18401729422799
4.9 0.0729765140950585 -0.433538433225884 -0.179782819017077
5 0.0673794699908547 -0.435321443704854 -0.175014313807537
5.1 0.0621868149682595 -0.436451456952071 -0.169740219758061
5.2 0.057372269975912 -0.436960998808629 -0.163989076428342
5.3 0.0529108954132483 -0.436882288963976 -0.157789405625577
5.4 0.0487790741802168 -0.436247129405015 -0.151169606456582
5.5 0.0449544858231047 -0.435086807597898 -0.144157860818403
5.6 0.0414160736246088 -0.433432013078436 -0.136782048604856
5.7 0.0381440062151725 -0.431312766228621 -0.129069671948721
5.8 0.0351196350463594 -0.428758358111149 -0.12104778785929
5.9 0.0323254488614668 -0.425797300321641 -0.112742948652914
6 0.0297450261199963 -0.422457283899778 -0.104181149610017
6.1 0.0273629861777268 -0.418765146416392 -0.0953877833260738
6.2 0.0251649398900671 -0.41474684642388 -0.0863876002561331
6.3 0.0231374401905642 -0.410427444522648 -0.0772046749829181
6.4 0.0212679330966264 -0.405831090356905 -0.0678623777672891
6.5 0.0195447095087084 -0.400981014909352 -0.0583833509670615
6.6 0.0179568580956322 -0.395899527516421 -0.0487894899358945
6.7 0.0164942194958246 -0.390608017074066 -0.0391019280382845
6.8 0.0151473420106893 -0.385126956948835 -0.0293410254396626
6.9 0.0139074389208694 -0.37947591315042 -0.0195263613523151
7 0.0127663475177632 -0.373673555360204 -0.00967672943833422
7.1 0.0117164899103758 -0.367737670445847 0.000189863909830595
7.2 0.0107508356406242 -0.361685178124726 0.0100561986723792
7.3 0.00986286611783012 -0.355532148469366 0.019905837932651
7.4 0.00904654086471767 -0.349293820976001 0.029723122462748
7.5 0.0082962655522175 -0.342984624943246 0.0394931633766151
7.6 0.00760686178829728 -0.336618200931673 0.0492018330484349
7.7 0.00697353861645667 -0.330207423097098 0.0588357544805757
7.8 0.00639186567208467 -0.323764422210583 0.0683822892924855
7.9 0.00585774793925359 -0.317300609196823 0.0778295244898486
8 0.00536740204644019 -0.310826699039711 0.087166258161935
8.1 0.00491733403687764 -0.304352734919632 0.0963819842443625
8.2 0.00450431854754313 -0.297888112461497 0.105466876474429
8.3 0.004125379329992 -0.291441603985824 0.1144117716567
8.4 0.00377777104620465 -0.285021382667309 0.12320815234762
8.5 0.00345896227318095 -0.278635046516508 0.1318481290596
8.6 0.00316661965108236 -0.272289642110413 0.14032442207712
8.7 0.00289859311118482 -0.265991688007052 0.148630342970086
8.8 0.00265290212168039 -0.259747197787725 0.156759775882721
8.9 0.0024277228913798 -0.253561702678248 0.164707158669815
9 0.00222137647356023 -0.247440273707624 0.172467463946091
9.1 0.00203231771452009 -0.241387543368998 0.180036180108745
9.2 0.00185912499380252 -0.235407726753532 0.187409292387913
9.3 0.00170049070549402 -0.229504642133161 0.194583263974837
9.4 0.00155521243246469 -0.223681730972911 0.201555017272853
9.5 0.00142218476786631 -0.217942077357804 0.20832191531198
9.6 0.00130039174062439 -0.212288426823223 0.214881743363833
9.7 0.00118889980403251 -0.206723204581112 0.221232690789813
9.8 0.00108685134887067 -0.201248533137489 0.22737333315198
9.9 0.000993458704712271 -0.195866249299557 0.233302614612774
10 0.000907998595249697 -0.190577920573155 0.239019830646652
10.1 0.000829807015551073 -0.185384860953519 0.244524611083906
10.2 0.000758274501156184 -0.180288146114242 0.249816903504282
10.3 0.000692841760825811 -0.175288628001057 0.25489695699558
10.4 0.000632995646574795 -0.170386948838538 0.259765306290146
10.5 0.00057826543634469 -0.165583554559132 0.264422756290085
10.6 0.000528219406307867 -0.160878707665048 0.268870366990085
10.7 0.00048246167134274 -0.156272499534482 0.273109438804951
10.8 0.000440629273681314 -0.151764862184465 0.277141498307316
10.9 0.000402389501108016 -0.14735557950332 0.280968284379469
11 0.000367437417385405 -0.143044297966223 0.284591734781863
11.1 0.000335493588800781 -0.138830536847846 0.288013973139578
11.2 0.000306301991871253 -0.134713697946378 0.291237296346882
11.3 0.000279628088316414 -0.130693074833486 0.294264162388905
11.4 0.000255257054411073 -0.12676786164494 0.297097178578557
11.5 0.000232992152768506 -0.122937161426736 0.299739090205875
11.6 0.000212653235480944 -0.119199994051572 0.302192769596215
11.7 0.000194075368361722 -0.115555303720531 0.304461205572993
11.8 0.000177107566795814 -0.112001966064726 0.306547493320019
11.9 0.000161611634415631 -0.108538794861562 0.308454824637911
12 0.000147461096479877 -0.105164548380102 0.310186478588526
12.1 0.000134540220447933 -0.101877935369832 0.311745812520939
12.2 0.000122743116813519 -0.0986776207069003 0.313136253472064
12.3 0.000111972913791847 -0.0955622307116475 0.314361289934666
12.4 0.000102140999946886 -0.0925303581509752 0.315424463985231
12.5 9.31663293019668E-05 -0.0895805669388152 0.316329363763887
12.6 8.49747839003073E-05 -0.0867113965476444 0.317079616298344
12.7 7.7498589174125E-05 -0.0839213661436737 0.317678880663663
12.8 7.06757778441523E-05 -0.0812089784580101 0.31813084146951
12.9 6.44496984073592E-05 -0.0785727234057487 0.318439202666419
13 5.87685645815074E-05 -0.0760110814646091 0.318607681662538
13.1 5.35850423625153E-05 -0.0735225268243772 0.318640003742254
13.2 4.88558716161623E-05 -0.071105530318066 0.318539896778067
13.3 4.45415193709515E-05 -0.0687585621453528 0.318311086227067
13.4 4.06058622054391E-05 -0.0664800943984987 0.317957290403405
13.5 3.70158953323703E-05 -0.0642686034006062 0.31748221601815
13.6 3.37414661748225E-05 -0.0621225718657197 0.316889553978
13.7 3.0755030407421E-05 -0.0600404908899322 0.316182975434352
13.8 2.80314285996687E-05 -0.0580208617823186 0.31536612807435
13.9 2.55476817495632E-05 -0.0560621977441816 0.314442632645596
14 2.32828041348999E-05 -0.0541630254047666 0.313416079706312
14.1 2.1217632037903E-05 -0.0523218862212783 0.312290026592888
14.2 1.93346670168928E-05 -0.0505373377507162 0.311067994596822
14.3 1.76179325073767E-05 -0.0488079548007332 0.309753466343243
14.4 1.60528426349604E-05 -0.0471323304664258 0.308349883363318
14.5 1.46260822144688E-05 -0.0455090770596618 0.306860643852976
14.6 1.33254969942796E-05 -0.0439368269372721 0.305289100610582
14.7 1.21399932826674E-05 -0.0424142332341492 0.303638559146294
14.8 1.10594461644604E-05 -0.0409399705070277 0.30191227595603
14.9 1.00746155820361E-05 -0.0395127352944582 0.300113456953121
15 9.17706961505477E-06 -0.0381312465982328 0.298245256050903
15.1 8.35911434879322E-06 -0.036794246291273 0.296310773889636
15.2 7.61372977187596E-06 -0.0355004994567553 0.294313056701365
15.3 6.93451119096307E-06 -0.0342487946630176 0.292255095306436
15.4 6.31561569288473E-06 -0.0330379441785705 0.290139824235611
15.5 5.75171322410953E-06 -0.031866784131322 0.287970120971853
15.6 5.23794189358646E-06 -0.0307341746159191 0.285748805306059
15.7 4.76986713816654E-06 -0.0296389997529131 0.283478638801143
15.8 4.34344442023161E-06 -0.0285801677032614 0.281162324359089
15.9 3.95498515505713E-06 -0.027556610641501 0.278802505885715
16 3.60112559101629E-06 -0.0265672846907469 0.276401768048091
16.1 3.27879838918464E-06 -0.0256111698225063 0.273962636119691
16.2 2.98520667039943E-06 -0.0246872697241328 0.271487575908532
16.3 2.71780031752786E-06 -0.0237946116365919 0.268978993763719
16.4 2.47425433874891E-06 -0.022932246165063 0.266439236655949
16.5 2.25244911419051E-06 -0.0220992470647562 0.263870592327716
16.6 2.05045236341268E-06 -0.0212947110041904 0.261275289509065
16.7 1.8665026851011E-06 -0.0205177573080496 0.258655498194947
16.8 1.69899453304073E-06 -0.0197675276816071 0.256013329980321
16.9 1.54646450407268E-06 -0.0190431859185922 0.253350838449325
17 1.40757882438696E-06 -0.0183439175942601 0.250670019614971
17.1 1.28112193025297E-06 -0.0176689297453191 0.247972812405945
17.2 1.16598604821174E-06 -0.0170174505382638 0.245261099197245
17.3 1.06116168791899E-06 -0.0163887289275697 0.242536706381504
17.4 9.6572896829978E-07 -0.0157820343051094 0.239801404977989
17.5 8.78849704510394E-07 -0.0151966561420615 0.23705691127637
17.6 7.99760189456397E-07 -0.0146319036245022 0.234304887512497
17.7 7.27764609335199E-07 -0.0140871052837872 0.231546942573536
17.8 6.62229037902192E-07 -0.0135616086227581 0.228784632729906
17.9 6.02575958943204E-07 -0.0130547797387339 0.226019462391608
18 5.48279270809655E-07 -0.0125660029441816 0.22325288488662
18.1 4.98859730871835E-07 -0.0120946803858947 0.220486303259141
18.2 4.53880801401336E-07 -0.0116402316634479 0.217721071085583
18.3 4.12944861735176E-07 -0.0112020934476381 0.214958493306282
18.4 3.75689754628392E-07 -0.0107797190995675 0.212199827071034
18.5 3.41785637492912E-07 -0.0103725782909727 0.209446282596607
18.6 3.10932111771135E-07 -0.00998015662635601 0.206699024034519
18.7 2.82855606023116E-07 -0.00960195526742735 0.203959170347419
18.8 2.57306990435396E-07 -0.0092374905603238 0.201227796192518
18.9 2.340594024047E-07 -0.00888629366603155 0.198505932810583
19 2.12906264626416E-07 -0.00854791019439712 0.195794568919098
19.1 1.93659478740711E-07 -0.00822189984207845 0.193094651608257
19.2 1.76147779071264E-07 -0.00790783603475258 0.190407087238541
19.3 1.60215232345151E-07 -0.00760530557386421 0.187732742338697
19.4 1.45719870518406E-07 -0.00731390828816987 0.185072444502994
19.5 1.32532444960308E-07 -0.00703325669030419 0.182426983286721
19.6 1.20535291279795E-07 -0.00676297563856812 0.17979711109892
19.7 1.09621295018025E-07 -0.00650270200411472 0.177183544091446
19.8 9.96929492897558E-08 -0.00625208434368457 0.174586963043474
19.9 9.06614962399735E-08 -0.00601078257802163 0.172008014240639
20 8.24461448975423E-08 -0.00577846767608028 0.169447310348063
20.1 7.49733586604912E-08 -0.00555482134511513 0.166905431276535
20.2 6.81762062433445E-08 -0.00533953572672825 0.164382925041216
20.3 6.19937704605403E-08 -0.00513231309893177 0.161880308612238
20.4 5.63706097160451E-08 -0.00493286558426914 0.159398068756624
20.5 5.12562675218565E-08 -0.00474091486402404 0.156936662871039
20.6 4.66048257809913E-08 -0.00455619189853318 0.154496519804846
20.7 4.23744979472397E-08 -0.00437843665360726 0.152078040673061
20.8 3.85272585175619E-08 -0.00420739783305325 0.149681599658786
20.9 3.50285056264241E-08 -0.00404283261728111 0.147307544804756
21 3.184675379723E-08 -0.00388450640796872 0.144956198793662
21.1 2.89533541667063E-08 -0.00373219257875008 0.14262785971696
21.2 2.63222397358713E-08 -0.0035856722318844 0.140322801831885
21.3 2.39296934180177E-08 -0.00344473396085613 0.138041276306437
21.4 2.17541368518533E-08 -0.00330917361884976 0.135783511952127
21.5 1.9775938128205E-08 -0.00317879409303742 0.133549715944298
21.6 1.79772367430483E-08 -0.00305340508461173 0.131340074529864
21.7 1.63417842394732E-08 -0.00293282289449185 0.12915475372233
21.8 1.48547991377943E-08 -0.00281687021462632 0.126993899983983
21.9 1.35028348775474E-08 -0.00270537592481248 0.124857640895169
22 1.22736596086233E-08 -0.00259817489494891 0.122746085810579
22.1 1.11561467722558E-08 -0.00249510779263449 0.120659326502502
22.2 1.01401755068854E-08 -0.002396020896025 0.118597437791012
22.3 9.21653999986581E-09 -0.00230076591185613 0.116560478161073
22.4 8.37686698431225E-09 -0.00220919979853972 0.114548490366567
22.5 7.61354065176809E-09 -0.00212118459423877 0.112561502021273
22.6 6.91963431641523E-09 -0.0020365872498253 0.110599526176805
22.7 6.28884822582445E-09 -0.00195527946662421 0.108662561887588
22.8 5.71545296724717E-09 -0.00187713753884564 0.106750594762904
22.9 5.19423796765738E-09 -0.00180204220060777 0.104863597506095
23 4.72046463058287E-09 -0.00172987847745156 0.103001530441002
23.1 4.28982369360696E-09 -0.00166053554224929 0.101164342025727
23.2 3.89839642763052E-09 -0.00159390657540826 0.099351969353831
23.3 3.54261933287703E-09 -0.00152988862927172 0.0975643386430705
23.4 3.21925201749899E-09 -0.0014683824966194 0.0958013657117962
23.5 2.92534797276666E-09 -0.00140929258317044 0.0940629564431427
23.6 2.65822798443506E-09 -0.00135252678399231 0.092349007237139
23.7 2.41545594321591E-09 -0.00129799636372016 0.0906594054508879
23.8 2.19481683852871E-09 -0.00124561584049188 0.0889940298269543
23.9 1.99429673905649E-09 -0.00119530287350506 0.0873527509101198
24 1.81206458125397E-09 -0.00114697815410337 0.0857354314526596
24.1 1.64645560300382E-09 -0.00110056530030084 0.0841419268083026
24.2 1.49595627422963E-09 -0.00105599075465384 0.0825720853150415
24.3 1.35919058958049E-09 -0.00101318368539185 0.081025748666964
24.4 1.2349076004178E-09 -0.000972075890719493 0.0795027522752727
24.5 1.12197007436632E-09 -0.000932601706203698 0.0780029256186765
24.6 1.01934418073468E-09 -0.000894697915161182 0.0765260925833234
24.7 9.26090109254992E-10 -0.000858303661963189 0.0750720717924616
24.8 8.41353537915296E-10 -0.00082336036817564 0.0736406769260048
24.9 7.64357873236981E-10 -0.000789811651454585 0.0722317170301882
25 6.94397193248201E-10 -0.000757603247118316 0.0708449968174979
25.1 6.30829829683839E-10 -0.000726682932319075 0.0694803169570586
25.2 5.73072531659042E-10 -0.000697000452738918 0.0681374743556651
25.3 5.20595158266293E-10 -0.000668507451735817 0.066816262429643
25.4 4.72915852281874E-10 -0.000641157401867746 0.0655164713677261
25.5 4.29596651477901E-10 -0.000614905538724044 0.064237888385132
25.6 3.9023949795906E-10 -0.000589708796994962 0.0629802979690268
25.7 3.54482609513569E-10 -0.000565525748711889 0.0617434821155581
25.8 3.2199718021702E-10 -0.000542316543592331 0.0605272205586447
25.9 2.92484380484762E-10 -0.000520042851425279 0.0593312909907014
26 2.65672629459293E-10 -0.000498667806434201 0.058155469275487
26.1 2.41315115067704E-10 -0.000478155953556378 0.0569995296532483
26.2 2.19187539312409E-10 -0.000458473196578907 0.0558632449383478
26.3 1.99086068385711E-10 -0.000439586748073145 0.0547463867095453
26.4 1.80825469043555E-10 -0.000421465081070926 0.0536487254931155
26.5 1.64237414352257E-10 -0.000404077882427306 0.0525700309389722
26.6 1.49168943449086E-10 -0.000387396007816087 0.0515100719899738
26.7 1.35481061347043E-10 -0.000371391438305807 0.0504686170445798
26.8 1.23047466078142E-10 -0.000356037238465267 0.0494454341130274
26.9 1.11753391619558E-10 -0.000341307515949083 0.048440290967195
27 1.0149455609311E-10 -0.000327177382515131 0.0474529552843156
27.1 9.21762056802921E-11 -0.000313622916427053 0.0464831947847049
27.2 8.37122455607863E-11 -0.000300621126196359 0.0455307773636612
27.3 7.6024449969932E-11 -0.000288149915619915 0.0445954712176971
27.4 6.90417441869627E-11 -0.00027618805006991 0.043677044965255
27.5 6.26995519174395E-11 -0.000264715123994605 0.042775267762064
27.6 5.69392021259657E-11 -0.000253711529589405 0.0418899094112828
27.7 5.17073899143555E-11 -0.000243158426598992 0.0410207404685814
27.8 4.69556865307169E-11 -0.000233037713212384 0.040167532342303
27.9 4.26400940408423E-11 -0.000223331998013985 0.0393300573888515
28 3.87206405988651E-11 -0.000214024572954737 0.0385080890034434
28.1 3.51610126229761E-11 -0.000205099387308632 0.0377014017063619
28.2 3.19282205174361E-11 -0.000196541022580861 0.0369097712248487
28.3 2.89922948871658E-11 -0.000188334668334931 0.0361329745707652
28.4 2.63260104686001E-11 -0.0001804660989071 0.0353707901141535
28.5 2.39046352527634E-11 -0.000172921650977439 0.0346229976528242
28.6 2.17057025059078E-11 -0.000165688201967825 0.0338893784780955
28.7 1.9708803601655E-11 -0.000158753149238066 0.0331697154368066
28.8 1.78953997682503E-11 -0.000152104390052314 0.0324637929897232
28.9 1.62486510270006E-11 -0.000145730302288771 0.0317713972664535
29 1.47532607547862E-11 -0.000139619725866578 0.0310923161169898
29.1 1.33953344461063E-11 -0.000133761944864618 0.0304263391599837
29.2 1.21622513797641E-11 -0.000128146670307771 0.0297732578278705
29.3 1.1042548013148E-11 -0.000122764023596968 0.0291328654089433
29.4 1.00258120342319E-11 -0.000117604520560146 0.0285049570864864
29.5 9.10258609883214E-12 -0.000112659056101982 0.0278893299750656
29.6 8.26428036922954E-12 -0.000107918889430993 0.0272857831540793
29.7 7.50309305078384E-12 -0.000103375629843304 0.0266941176986637
29.8 6.81193819636275E-12 -9.9021223043085E-05 0.0261141367080494
29.9 6.18438011495235E-12 -9.4847937980312E-05 0.0255456453314606
