0.1 0.180547826005775 0.0639444165852336 0.0352014673821212 
0.2 0.326787072638883 0.115259712114647 0.0634016502681969 
0.3 0.443607354974652 0.155337005152289 0.085331927336769 
0.4 0.535278853602768 0.185446597100335 0.101667970742966 
0.5 0.605525878469971 0.206747188532867 0.113033279582289 
0.6 0.65759206703778 0.220294435357509 0.120002516058439 
0.7 0.694298082011901 0.227048927852776 0.123104650554943 
0.8 0.718092718977185 0.227883576253782 0.122825928938126 
0.9 0.731098101596132 0.223590487871342 0.119612669278868 
1 0.735149655388172 0.214887349056087 0.113873899940767 
1.1 0.731831422364804 0.202423347003246 0.105983842991196 
1.2 0.722507273475244 0.186784662441235 0.0962842539866591 
1.3 0.708348437234802 0.168499570389198 0.0850866254476744 
1.4 0.690357796737518 0.148043163349218 0.0726742622124809 
1.5 0.669391305505462 0.125841730914796 0.0593042290348648 
1.6 0.64617686052333 0.102276815753746 0.0452091916747645 
1.7 0.621330896920907 0.0776889742000493 0.0305991381487345 
1.8 0.595373012023049 0.0523812453827007 0.0156630039555755 
1.9 0.568738791529226 0.0266223737526449 0.000570193038267354 
2 0.541791088197496 0.00064978138748521 -0.0145279879904089 
2.1 0.514829905285469 -0.0253276854479101 -0.0294969886651363 
2.2 0.488101073507336 -0.0511272161325433 -0.0442177530965558 
2.3 0.461803827929145 -0.0765896918529024 -0.0585855380005672 
2.4 0.436097446553816 -0.101577525466402 -0.0725088053229054 
2.5 0.411107046482888 -0.125972664841267 -0.0859081839881443 
2.6 0.386928635435233 -0.149674758314558 -0.09871549696747 
2.7 0.363633510298557 -0.172599459997777 -0.110872852703931 
2.8 0.341272092789426 -0.194676877452502 -0.122331792341644 
2.9 0.319877248455167 -0.215850133329419 -0.133052496476349 
3 0.299467170737225 -0.236074056768474 -0.143003040449448 
3.1 0.280047865770697 -0.255313969598862 -0.152158701055283 
3.2 0.261615313662082 -0.273544581764084 -0.16050130858998 
3.3 0.244157311452402 -0.290748974507794 -0.168018643855366 
3.4 0.227655067521361 -0.306917671600224 -0.174703875286706 
3.5 0.212084563663492 -0.322047785461808 -0.180555036507666 
3.6 0.197417717183915 -0.336142243194615 -0.185574537895876 
3.7 0.183623373286763 -0.349209075106637 -0.189768716189367 
3.8 0.170668135040162 -0.361260767782328 -0.193147411315174 
3.9 0.158517080755215 -0.37231367643661 -0.195723578672596 
4 0.14713434484753 -0.382387487585196 -0.197512928246828 
4.1 0.136483620526605 -0.39150473346049 -0.19853358892558 
4.2 0.126528562758198 -0.399690350972928 -0.198805799835149 
4.3 0.117233126556527 -0.40697128259147 -0.198351624972109 
4.4 0.108561835926763 -0.413376118224592 -0.197194689175049 
4.5 0.100479999612103 -0.418934766584244 -0.195359936632319 
4.6 0.0929538872942563 -0.423678165592979 -0.192873407455156 
4.7 0.0859508533978723 -0.427638019647838 -0.189762032693789 
4.8 0.0794394414410569 -0.430846564935783 -0.186053446350279 
4.9 0.0733894492957161 -0.433336360470913 -0.181775813824087 
5 0.0677719789225439 -0.435140100466134 -0.176957675651429 
5.1 0.0625594541332337 -0.436290451832637 -0.171627803483361 
5.2 0.0577256367119262 -0.436819904700854 -0.165815072704573 
5.3 0.0532456172487209 -0.436760649759882 -0.159548340774277 
5.4 0.0490958033305077 -0.436144460730769 -0.152856344708006 
5.5 0.0452538889354549 -0.435002603542712 -0.145767602676899 
5.6 0.0416988291106788 -0.433365745743285 -0.138310330330281 
5.7 0.038410795344308 -0.431263891436246 -0.130512362205605 
5.8 0.0353711390055947 -0.428726316696923 -0.122401084262913 
5.9 0.0325623447675811 -0.42578152214294 -0.114003373920343 
6 0.0299679825370455 -0.422457189932626 -0.105345544525324 
6.1 0.0275726622007255 -0.4187801508233 -0.0964533028822741 
6.2 0.0253619793211191 -0.414776358346852 -0.0873517066591625 
6.3 0.0233224747553966 -0.410470871423311 -0.0780651303984432 
6.4 0.02144157355352 -0.405887838808277 -0.0686172367772024 
6.5 0.0197075513613617 -0.401050493088027 -0.059030953114068 
6.6 0.0181094743789171 -0.395981146151133 -0.0493284512632665 
6.7 0.0166371655201972 -0.390701191622344 -0.0395311327954888 
6.8 0.0152811505749438 -0.385231107671336 -0.0296596181366526 
6.9 0.0140326227513779 -0.379590467583369 -0.0197337367801301 
7 0.0128833971144279 -0.373797949350405 -0.00977252419622272 
7.1 0.0118258758525664 -0.367871348574531 0.000205780456130835 
7.2 0.0108530072039718 -0.361827594314445 0.0101837333439601 
7.3 0.00995825086258055 -0.355682767885824 0.0201446833865227 
7.4 0.00913554558723915 -0.349452120042865 0.0300727657465248 
7.5 0.00837927888280433 -0.343150091867505 0.0399528957795802 
7.6 0.00768425138431268 -0.336790336482862 0.0497707592362113 
7.7 0.00704565349505186 -0.330385741410637 0.0595128008768243 
7.8 0.00645903618291325 -0.323948449732244 0.0691662131808764 
7.9 0.00592028798949814 -0.317489886974455 0.0787189235550635 
8 0.00542560666469981 -0.31102078137403 0.0881595782635628 
8.1 0.00497148300052983 -0.304551191074614 0.0974775289856173 
8.2 0.00455467535224444 -0.298090524602492 0.106662814962511 
8.3 0.00417219258729478 -0.291647569175775 0.115706146937912 
8.4 0.00382127396113704 -0.285230512098687 0.124598889482671 
8.5 0.00349937529446143 -0.278846966044946 0.13333304318852 
8.6 0.00320414818231187 -0.272503991806689 0.141901226602892 
8.7 0.00293343175311377 -0.26620812220007 0.150296655989238 
8.8 0.00268523281909005 -0.259965384059455 0.15851312855589 
8.9 0.00245771775233982 -0.253781323846181 0.166545001525184 
9 0.00224919430238805 -0.247661025584611 0.174387174449029 
9.1 0.00205810945597043 -0.241609135718709 0.182035069059188 
9.2 0.0018830311817216 -0.23562988243295 0.189484610252764 
9.3 0.0017226428253235 -0.229727097306898 0.196732207295157 
9.4 0.00157573306719873 -0.223904234190281 0.203774734601098 
9.5 0.00144118909965216 -0.218164390597877 0.210609513401028 
9.6 0.00131798728305519 -0.212510324197113 0.217234292325722 
9.7 0.00120518596868378 -0.206944471605684 0.223647229885588 
9.8 0.00110192236957475 -0.201468967641798 0.229846875751174 
9.9 0.00100740177769194 -0.196085660615656 0.235832152952637 
10 0.000920895623896658 -0.190796129319052 0.241602341070023 
10.1 0.000841733435208509 -0.185601698167887 0.247157058431671 
10.2 0.000769301131161179 -0.180503453961996 0.252496244811272 
10.3 0.00070303295006574 -0.175502257661113 0.257620146508304 
10.4 0.000642413076655109 -0.170598762484262 0.262529298820468 
10.5 0.000586965894145601 -0.165793423345391 0.267224511076574 
10.6 0.000536256243234696 -0.161086512427472 0.271706851183344 
10.7 0.000489882870956572 -0.156478128942006 0.27597763142868 
10.8 0.000447480991603386 -0.151968214237885 0.28003839206993 
10.9 0.000408713830878119 -0.147556559845341 0.283890890193191 
11 0.000373274335874929 -0.143242820882128 0.287537083596524 
11.1 0.00034087979149329 -0.139026524034071 0.290979119098453 
11.2 0.000311271410232608 -0.134907078474333 0.294219318720493 
11.3 0.000284212180166963 -0.130883784464325 0.297260168377335 
11.4 0.000259484204795918 -0.126955842729472 0.300104305009293 
11.5 0.000236889674219132 -0.123122363975643 0.302754506174984 
11.6 0.000216245424524763 -0.119382372678379 0.305213677626595 
11.7 0.000197387352732244 -0.115734819755149 0.307484843913708 
11.8 0.000180160354842186 -0.112178585322225 0.309571136522006 
11.9 0.000164425189212697 -0.108712489471283 0.311475786632558 
12 0.000150052747930164 -0.10533529478642 0.313202112134458 
12.1 0.000136928210467958 -0.102045715433537 0.314753512045284 
12.2 0.000124942370818069 -0.0988424199854501 0.316133454856976 
12.3 0.000113997898978238 -0.0957240391779815 0.317345472063191 
12.4 0.000104005638458488 -0.0926891704327227 0.318393149117556 
12.5 9.48830461837784E-05 -0.0897363812290453 0.319280119104051 
12.6 8.6554375185137E-05 -0.086864215147679 0.320010053908032 
12.7 7.89516388004204E-05 -0.0840711943552501 0.320586657811384 
12.8 7.20130612563539E-05 -0.0813558246400351 0.321013661688971 
12.9 6.56797386153144E-05 -0.0787165987625469 0.321294815681481 
13 5.99005067467906E-05 -0.0761520011230055 0.321433883703537 
13.1 5.46266926168228E-05 -0.0736605077517201 0.321434637792442 
13.2 4.98139818127113E-05 -0.0712405915152715 0.321300852920474 
13.3 4.54215033597268E-05 -0.0688907250580199 0.321036300400836 
13.4 4.14151583524587E-05 -0.0666093830748009 0.320644745644273 
13.5 3.77598847232374E-05 -0.0643950429194175 0.320129941859128 
13.6 3.44253501689172E-05 -0.0622461900358457 0.319495626265733 
13.7 3.13835801019885E-05 -0.0601613170729238 0.318745515798159 
13.8 2.86098402360887E-05 -0.0581389265769012 0.317883303956045 
13.9 2.60786259652777E-05 -0.0561775328362364 0.316912656237471 
14 2.3770215147655E-05 -0.054275665187811 0.315837208639856 
14.1 2.16653981746298E-05 -0.0524318653135847 0.314660562703061 
14.2 1.97459523838124E-05 -0.0506446918569188 0.313386283723276 
14.3 1.79950630048929E-05 -0.0489127203932119 0.312017897152218 
14.4 1.63994655746307E-05 -0.0472345452575703 0.310558887305627 
14.5 1.49442950922588E-05 -0.0456087791878817 0.30901269410134 
14.6 1.36172744478886E-05 -0.0440340551909755 0.307382711430753 
14.7 1.24078223218182E-05 -0.0425090271103794 0.305672285767487 
14.8 1.1306264986976E-05 -0.0410323692351828 0.303884712466865 
14.9 1.03008433791033E-05 -0.0396027794511785 0.302023236399235 
15 9.3846731353857E-06 -0.0382189764317431 0.300091049403255 
15.1 8.54987567124601E-06 -0.0368797029723484 0.298091289605322 
15.2 7.78876818141995E-06 -0.035583724083416 0.296027039153379 
15.3 7.0942660671319E-06 -0.0343298280907592 0.293901324212212 
15.4 6.46225806940707E-06 -0.0331168274236421 0.291717114178369 
15.5 5.88695358972219E-06 -0.0319435586767299 0.289477318922057 
15.6 5.36199635177064E-06 -0.0308088816013354 0.287184791819576 
15.7 4.8842414340627E-06 -0.029711679813941 0.284842325250767 
15.8 4.44857582730142E-06 -0.0286508616782634 0.282452653036413 
15.9 4.05145226430752E-06 -0.027625359024959 0.280018447584196 
16 3.68920463688337E-06 -0.0266341274770388 0.277542322671657 
16.1 3.35983269370389E-06 -0.0256761470470789 0.275026830488377 
16.2 3.05915089108894E-06 -0.02475042125763 0.27247446350836 
16.3 2.78525738110576E-06 -0.0238559765495691 0.269887652974932 
16.4 2.53623587283147E-06 -0.0229918633490645 0.267268770268614 
16.5 2.30912896087196E-06 -0.0221571553266179 0.264620126000902 
16.6 2.1021700996346E-06 -0.0213509485472631 0.261943971004794 
16.7 1.91410511231072E-06 -0.0205723617217907 0.259242496541009 
16.8 1.74284044587315E-06 -0.0198205359148236 0.256517833580237 
16.9 1.58621172438286E-06 -0.0190946347734782 0.253772055062685 
17 1.44377644849872E-06 -0.0183938431418865 0.251007173800805 
17.1 1.31413412143501E-06 -0.0177173679341605 0.248225145963034 
17.2 1.19591177799503E-06 -0.0170644361478156 0.245427868776924 
17.3 1.08851753334819E-06 -0.0164342962395891 0.242617183518873 
17.4 9.91200051695084E-07 -0.0158262175241698 0.239794874128555 
17.5 9.02070931523481E-07 -0.0152394884694594 0.236962669011439 
17.6 8.21086200092722E-07 -0.0146734180222125 0.234122241688484 
17.7 7.47768230895822E-07 -0.0141273336957205 0.231275210739889 
17.8 6.80482559784292E-07 -0.0136005826746971 0.228423141525911 
17.9 6.18934978800861E-07 -0.0130925301255632 0.225567546220956 
18 5.62952538421007E-07 -0.012602559772608 0.222709884680103 
18.1 5.12436016672467E-07 -0.0121300738083055 0.219851565490494 
18.2 4.6590875801607E-07 -0.0116744901640156 0.216993946834954 
18.3 4.2428308131222E-07 -0.0112352454022407 0.214138337002608 
18.4 3.86342493722671E-07 -0.0108117924816564 0.211285995283615 
18.5 3.5183101148605E-07 -0.0104036000510219 0.208438133244064 
18.6 3.20583986126456E-07 -0.0100101537244434 0.205595915099504 
18.7 2.91809209178809E-07 -0.00963095333552992 0.202760459146505 
18.8 2.65142130567098E-07 -0.00926551493165974 0.199932837501027 
18.9 2.41048072057446E-07 -0.00891336901230332 0.19711407896204 
19 2.19633725421818E-07 -0.00857406051197536 0.194305167383995 
19.1 1.994378001502E-07 -0.00824714876392931 0.191507045375224 
19.2 1.80941479014153E-07 -0.00793220583256395 0.188720612241403 
19.3 1.65190744507915E-07 -0.00762881826531593 0.185946727721102 
19.4 1.50302005046879E-07 -0.00733658499925976 0.183186210508316 
19.5 1.36417726601532E-07 -0.007055118419621 0.180439840891266 
19.6 1.23743766056825E-07 -0.00678404270716343 0.177708360750872 
19.7 1.13407096091475E-07 -0.0065229939607871 0.174992474514535 
19.8 1.02696623562363E-07 -0.00627162011265441 0.172292850253691 
19.9 9.31779762157529E-08 -0.00602958040724645 0.169610120639385 
20 8.42419968815337E-08 -0.0057965457368239 0.166944883378135 
20.1 7.65456324551224E-08 -0.00557219687209747 0.164297702872918 
20.2 6.91457220929591E-08 -0.00535622539790866 0.161669109805119 
20.3 6.33574213885108E-08 -0.00514833288776826 0.159059603372009 
20.4 5.79229220905018E-08 -0.00494823097876057 0.156469651171739 
20.5 5.25670886213122E-08 -0.00475564054938843 0.153899690491181 
20.6 4.74541399483662E-08 -0.00457029227884188 0.151350128848728 
20.7 4.26936604112788E-08 -0.0043919256394986 0.148821345365859 
20.8 3.877273435152E-08 -0.00422028816731737 0.146313690802241 
20.9 3.52822067991223E-08 -0.00405513675587145 0.14382748842034 
21 3.30321272878287E-08 -0.00389623666516225 0.141363036010213 
21.1 3.01811811891811E-08 -0.00374336022822543 0.138920604544893 
21.2 2.7903341784987E-08 -0.00359628826658429 0.13650044116017 
21.3 2.4754738346795E-08 -0.00345480864013446 0.134102767714259 
21.4 2.30210598201441E-08 -0.00331871644113455 0.131727783397442 
21.5 2.14065000575493E-08 -0.00318781430091363 0.129375664130007 
21.6 2.007771180207E-08 -0.00306191167675566 0.127046564162274 
21.7 1.74534823906113E-08 -0.00294082369760156 0.124740615990473 
21.8 1.56848023733486E-08 -0.00282437290935705 0.122457932365857 
21.9 1.41887631208129E-08 -0.00271238700003248 0.120198604246169 
22 1.26455972073005E-08 -0.00260470104082451 0.117962704962893 
22.1 1.16444283103949E-08 -0.00250115502260924 0.115750288211366 
22.2 1.16192911451713E-08 -0.0024015944391502 0.113561389815432 
22.3 1.10505269286307E-08 -0.00230587057267278 0.111396027851116 
22.4 9.34570271230945E-09 -0.00221383974382326 0.109254203652568 
22.5 8.03447889080547E-09 -0.00212536300816311 0.10713590197887 
22.6 7.15995475109613E-09 -0.00204030770589489 0.105041091942903 
22.7 6.31082486259208E-09 -0.0019585439809025 0.102969727228192 
22.8 5.62536524176543E-09 -0.00187994807205693 0.100921747192553 
22.9 5.30346272465775E-09 -0.00180439999718859 0.0988970766905974 
23 4.34970808111636E-09 -0.00173178395448895 0.0968956264783532 
23.1 3.82948207642192E-09 -0.00166198906018156 0.0949172949630779 
23.2 3.41126412468854E-09 -0.00159490738280054 0.0929619674479638 
23.3 3.00181147929216E-09 -0.00153043583385264 0.0910295168933658 
23.4 2.32843453498791E-09 -0.00146847408093777 0.0891198046142582 
23.5 2.64758126056971E-09 -0.00140892656638099 0.0872326803408488 
23.6 2.02797447289258E-09 -0.00135169977408665 0.0853679832653032 
23.7 1.33473563091883E-09 -0.00129670483575408 0.083525541385351 
23.8 7.43823070219583E-10 -0.00124385533053011 0.0817051736722554 
23.9 1.56680116847037E-09 -0.00119306809607185 0.0799066882579724 
24 1.59842702530877E-09 -0.00114426296416778 0.0781298848256458 
24.1 2.13238477241851E-09 -0.0010973632852684 0.0763745530771049 
24.2 2.07099446475757E-09 -0.00105229491097091 0.0746404750418026 
24.3 2.01036906194878E-09 -0.00100898553975446 0.0729274244370678 
24.4 1.39964160079932E-09 -0.000967366940717809 0.0712351663922691 
24.5 1.26688043044879E-09 -0.000927372451435889 0.0695634587576204 
24.6 1.32646469006753E-09 -0.000888937931685296 0.0679120518708012 
24.7 1.32523153912008E-09 -0.000852001909785228 0.0662806893151446 
24.8 1.51366856101046E-09 -0.00081650467588908 0.0646691074427789 
24.9 1.1593848884147E-09 -0.000782389296382436 0.0630770368379436 
25 1.13316645783139E-09 -0.000749599535419698 0.061504201538998 
25.1 9.37387418493226E-10 -0.000718083330550041 0.0599503190369891 
25.2 1.50287352532395E-09 -0.000687788549225612 0.0584151016687789 
25.3 1.12092656979112E-09 -0.000658666453539409 0.0568982563995915 
25.4 7.29370617554901E-10 -0.000630668855529795 0.0553994848276738 
25.5 -1.75138479716558E-10 -0.000603750738736423 0.0539184828697322 
25.6 4.34726857829026E-11 -0.000577867143369073 0.0524549421416459 
25.7 -1.11609230611954E-11 -0.000552976236365786 0.0510085494217599 
25.8 3.9033665862075E-10 -0.00052903659951789 0.0495789867044892 
25.9 2.45275047735207E-10 -0.000506008427785599 0.0481659318735983 
26 5.05679935879347E-10 -0.000483854280549176 0.0467690589969975 
26.1 1.47060157592566E-10 -0.000462536797131697 0.0453880373254215 
26.2 -6.85667756707776E-11 -0.000442020366162555 0.0440225326168046 
26.3 2.01364250019926E-11 -0.000422271022115822 0.042672206834571 
26.4 -2.07251811569949E-11 -0.000403255406741301 0.0413367181636696 
26.5 -9.11451683259367E-11 -0.000384941585722289 0.0400157218500928 
26.6 -5.80598048322884E-10 -0.000367298818005924 0.0387088685726871 
26.7 -5.63851328275507E-10 -0.000350297956733801 0.0374158066505505 
26.8 -4.2890502980179E-10 -0.000333909531369358 0.0361361801816992 
26.9 4.13722448489448E-10 -0.000318105972280814 0.0348696311440121 
27 5.38045372507318E-10 -0.000302860921454215 0.033615797634513 
27.1 2.77225142780531E-10 -0.000288148224510201 0.0323743153373151 
27.2 1.18517212166051E-10 -0.000273942755311157 0.0311448163241301 
27.3 3.07475730305639E-10 -0.000260220343091895 0.0299269298782298 
27.4 1.18101279900102E-10 -0.000246957596590887 0.0287202825723652 
27.5 6.34947493937546E-10 -0.000234131628735674 0.0275244985418245 
27.6 1.25560000660022E-09 -0.000221720140512005 0.026339198333589 
27.7 1.66273797798017E-09 -0.000209702535470939 0.0251639998653791 
27.8 1.15299624204177E-09 -0.000198056646653328 0.0239985180312693 
27.9 1.38966602463358E-09 -0.00018676377345092 0.0228423653798072 
28 1.0021700699752E-09 -0.00017580313102154 0.021695151065122 
28.1 7.02557815788685E-10 -0.000165156537890696 0.0205564818981332 
28.2 4.69573927593574E-10 -0.000154804718175149 0.0194259617053848 
28.3 9.84258593804835E-11 -0.000144730220550899 0.0183031910511441 
28.4 -6.56312590615676E-10 -0.000134914615065307 0.0171877679742667 
28.5 -1.01859258670401E-09 -0.000125341257251631 0.016079287759849 
28.6 -8.0347003889287E-10 -0.000115993038002822 0.0149773421209844 
28.7 -1.03731883405779E-09 -0.000106853861166175 0.0138815204348574 
28.8 -6.83028133350347E-10 -9.79066679539982E-05 0.0127914081707155 
28.9 -2.87398489280241E-10 -8.9136681868785E-05 0.0117065878810706 
29 -5.93190389651907E-10 -8.05272554056266E-05 0.0106266388726479 
29.1 -1.42093572551724E-09 -7.2063281764944E-05 0.00955113698455976 
29.2 -1.14087363047385E-09 -6.37303249184863E-05 0.00847965512990863 
29.3 -1.31892368427116E-09 -5.55128105146154E-05 0.00741176202330582 
29.4 -9.94102679762749E-10 -4.73960869012276E-05 0.0063470228570168 
29.5 -4.11504464190439E-10 -3.93652909425497E-05 0.00528499943085334 
29.6 4.10519362225896E-10 -3.14064733715651E-05 0.00422524952790315 
29.7 -4.61062732863075E-10 -2.35046725822289E-05 0.00316732720587352 
29.8 -3.3747924550932E-10 -1.56460766950105E-05 0.00211078216565706 
29.9 7.4419055551809E-11 -7.81589851666535E-06 0.00105515936303613 
