-------------------------------------------------------------------------------------
PART A) Jacobi diagonalization with cyclic sweeps
-------------------------------------------------------------------------------------
Random symmetric matrix A
         3          2          6          4          0          5 
         2          2          1          9          3          1 
         6          1          6          0          8          2 
         4          9          0          5          3          1 
         0          3          8          3          0          8 
         5          1          2          1          8          4 
-------------------------------------------------------------------------------------
Orthogonal matrix V of eigenvectors
     0,391     0,0792      0,747     -0,356    -0,0527      0,392 
   -0,0227      0,757     -0,215    -0,0094      0,515       0,34 
     -0,41    -0,0128     -0,324     -0,557      -0,45      0,463 
    -0,187     -0,626    -0,0129    -0,0349      0,646      0,393 
     0,678     -0,154     -0,442      0,294     -0,211      0,436 
    -0,429     0,0747      0,308       0,69     -0,261      0,415 
-------------------------------------------------------------------------------------
Diagonal matrix D with the corresponding eigenvalues
     -10,8   8,14e-13   -1,4e-16   1,16e-08  -2,73e-09  -2,08e-10 
  8,15e-13      -5,77  -1,34e-16  -1,61e-24   2,09e-10   1,16e-11 
  8,51e-17   4,25e-16       1,82          0   1,26e-12   5,26e-16 
  1,16e-08   4,09e-17  -3,78e-16       3,15  -2,75e-15   9,76e-20 
 -2,73e-09   2,09e-10   1,26e-12  -2,45e-15       10,5   7,83e-08 
 -2,08e-10   1,16e-11    7,5e-16  -1,05e-15   7,83e-08       21,1 
-------------------------------------------------------------------------------------
VDV^T is equal to the initial matrix A

         3          2          6          4  -3,55e-15          5 
         2          2          1          9          3          1 
         6          1          6  -3,55e-15          8          2 
         4          9  -5,77e-15          5          3          1 
    -4e-15          3          8          3  -1,24e-14          8 
         5          1          2          1          8          4 
-------------------------------------------------------------------------------------
V^(T)AV is equal to the matrix D

     -10,8   8,15e-13   1,78e-15   1,16e-08  -2,73e-09  -2,08e-10 
  8,16e-13      -5,77  -2,78e-17  -1,28e-15   2,09e-10   1,16e-11 
  1,08e-15  -2,78e-17       1,82  -1,11e-15   1,26e-12  -2,28e-15 
  1,16e-08  -1,14e-15  -1,11e-15       3,15  -2,33e-15  -5,22e-15 
 -2,73e-09   2,09e-10   1,26e-12  -2,44e-15       10,5   7,83e-08 
 -2,08e-10   1,16e-11  -3,55e-15  -5,33e-15   7,83e-08       21,1 
-------------------------------------------------------------------------------------
V^(T)V is the identity matrix

         1  -5,55e-17  -5,55e-17   1,11e-16          0   3,89e-16 
 -5,55e-17          1  -3,82e-17   1,87e-16  -7,29e-17  -8,33e-17 
 -5,55e-17  -3,82e-17          1  -2,78e-17   1,53e-16          0 
  1,11e-16   1,87e-16  -2,78e-17          1   4,44e-16  -3,89e-16 
         0  -7,29e-17   1,53e-16   4,44e-16          1  -2,91e-16 
  3,89e-16  -8,33e-17          0  -3,89e-16  -2,91e-16          1 
-------------------------------------------------------------------------------------
VV^(T) is the identity matrix

         1  -2,78e-17   3,33e-16  -2,78e-17   4,72e-16  -3,33e-16 
 -2,78e-17          1  -3,89e-16   -2,5e-16  -1,39e-16   5,55e-17 
  3,33e-16  -3,89e-16          1   -2,5e-16  -1,39e-16  -1,11e-16 
 -2,78e-17   -2,5e-16   -2,5e-16          1  -1,11e-16  -1,39e-16 
  4,72e-16  -1,39e-16  -1,39e-16  -1,11e-16          1  -2,78e-16 
 -3,33e-16   5,55e-17  -1,11e-16  -1,39e-16  -2,78e-16          1 


-------------------------------------------------------------------------------------
PART B) Hydrogen atom, s-wave radial Schrödinger equation on a grid
-------------------------------------------------------------------------------------
A plot of the three lowest eigenfunctions and a comparison with the analytical results can be found in eigenfunctions.svg.
An investigation of the convergence of the energies with respect to dr and rmax is vizualised in convergence.svg.
