0.001 -0.499981192218459 1 2.26615144866004 -6 -0.500220045036226 -9 -0.500220098505143
0.00503030303030303 -0.499981451381238 1.07070707070707 1.81651833690023 -5.94949494949495 -0.500220045215087 -8.91919191919192 -0.500220098484642
0.00906060606060606 -0.499982658308265 1.14141414141414 1.45570537157478 -5.8989898989899 -0.500220045183209 -8.83838383838384 -0.500220098582882
0.0130909090909091 -0.49998561844686 1.21212121212121 1.16270160007195 -5.84848484848485 -0.500220045158562 -8.75757575757576 -0.500220098794679
0.0171212121212121 -0.499991063279701 1.28282828282828 0.922254970463581 -5.7979797979798 -0.500220045431836 -8.67676767676768 -0.500220098525752
0.0211515151515152 -0.499999719533676 1.35353535353535 0.723115455797733 -5.74747474747475 -0.50022004551104 -8.5959595959596 -0.50022009864437
0.0251818181818182 -0.500012358647006 1.42424242424242 0.556840148846547 -5.6969696969697 -0.500220045156418 -8.51515151515152 -0.500220098556406
0.0292121212121212 -0.50002967602415 1.4949494949495 0.416993468293196 -5.64646464646465 -0.500220045587681 -8.43434343434343 -0.500220098649752
0.0332424242424242 -0.500052381497408 1.56565656565657 0.298604306326781 -5.5959595959596 -0.500220045624228 -8.35353535353535 -0.500220098617875
0.0372727272727273 -0.500081199619503 1.63636363636364 0.197795249313524 -5.54545454545455 -0.500220045244079 -8.27272727272727 -0.500220098620013
0.0413030303030303 -0.500116812198675 1.70707070707071 0.111502604227902 -5.49494949494949 -0.500220045677507 -8.19191919191919 -0.500220098852976
0.0453333333333333 -0.500159915091895 1.77777777777778 0.0372822530276259 -5.44444444444444 -0.50022004525238 -8.11111111111111 -0.500220098800517
0.0493636363636364 -0.500211196054655 1.84848484848485 -0.0268347106155921 -5.39393939393939 -0.500220045899623 -8.03030303030303 -0.500220098742187
0.0533939393939394 -0.500271358473898 1.91919191919192 -0.0824400657090005 -5.34343434343434 -0.500220046227578 -7.94949494949495 -0.500220098921696
0.0574242424242424 -0.500341042664975 1.98989898989899 -0.13083756360001 -5.29292929292929 -0.500220046126614 -7.86868686868687 -0.500220098697956
0.0614545454545455 -0.500420937341955 2.06060606060606 -0.173103021149608 -5.24242424242424 -0.500220046020231 -7.78787878787879 -0.500220098702246
0.0654848484848485 -0.500511712300843 2.13131313131313 -0.210126762641865 -5.19191919191919 -0.500220046867437 -7.70707070707071 -0.500220098665623
0.0695151515151515 -0.500614036379354 2.2020202020202 -0.242646613599938 -5.14141414141414 -0.500220046136592 -7.62626262626263 -0.500220099001748
0.0735454545454546 -0.500728574959066 2.27272727272727 -0.271285076745477 -5.09090909090909 -0.500220046726201 -7.54545454545454 -0.500220099225397
0.0775757575757576 -0.500855994556866 2.34343434343434 -0.2965676002844 -5.04040404040404 -0.500220046690839 -7.46464646464646 -0.50022009887961
0.0816060606060606 -0.500996947829994 2.41414141414141 -0.31893593397215 -4.98989898989899 -0.500220047290853 -7.38383838383838 -0.500220099159365
0.0856363636363636 -0.501152132624083 2.48484848484848 -0.338768728391112 -4.93939393939394 -0.500220048205393 -7.3030303030303 -0.500220086420568
0.0896666666666667 -0.501322197426478 2.55555555555556 -0.356385277738991 -4.88888888888889 -0.500220048460018 -7.22222222222222 -0.500220087609882
0.0936969696969697 -0.501507805886361 2.62626262626263 -0.372064227514595 -4.83838383838384 -0.500220049585855 -7.14141414141414 -0.500220088765328
0.0977272727272727 -0.501709655857959 2.6969696969697 -0.386042078624685 -4.78787878787879 -0.500220050106236 -7.06060606060606 -0.500220090380336
0.101757575757576 -0.50192840399462 2.76767676767677 -0.398524414140163 -4.73737373737374 -0.500220048887354 -6.97979797979798 -0.500220091989096
0.105787878787879 -0.502164741751645 2.83838383838384 -0.402988764924854 -4.68686868686869 -0.500220051782083 -6.8989898989899 -0.500220093699239
0.109818181818182 -0.502419361204825 2.90909090909091 -0.41300842752194 -4.63636363636364 -0.500220053438684 -6.81818181818182 -0.500220095469059
0.113848484848485 -0.502692978429967 2.97979797979798 -0.421965276272993 -4.58585858585859 -0.500220054558576 -6.73737373737374 -0.50022009708975
0.117878787878788 -0.502986263898436 3.05050505050505 -0.429979711012636 -4.53535353535354 -0.500220052667169 -6.65656565656566 -0.500220098410747
0.121909090909091 -0.503299944498342 3.12121212121212 -0.437157163968689 -4.48484848484848 -0.500220055786348 -6.57575757575758 -0.500220099164536
0.125939393939394 -0.503634728106872 3.19191919191919 -0.443590109767494 -4.43434343434343 -0.500220057645453 -6.49494949494949 -0.500220091199247
0.129969696969697 -0.503991379212334 3.26262626262626 -0.449359996526605 -4.38383838383838 -0.50022006168006 -6.41414141414141 -0.500220096105821
0.134 -0.504370621299118 3.33333333333333 -0.454538612076429 -4.33333333333333 -0.500220059877644 -6.33333333333333 -0.500220098843805
0.138030303030303 -0.504773192583046 3.4040404040404 -0.459189372905716 -4.28282828282828 -0.500220065095298 -6.25252525252525 -0.50022009281002
0.142060606060606 -0.505199901534926 3.47474747474747 -0.463368393003947 -4.23232323232323 -0.500220072862238 -6.17171717171717 -0.500220098755769
0.146090909090909 -0.505651487675645 3.54545454545455 -0.467125550276511 -4.18181818181818 -0.500220077356188 -6.09090909090909 -0.500220094979464
0.150121212121212 -0.506128787423713 3.61616161616162 -0.470505195322503 -4.13131313131313 -0.500220082122214 -6.01010101010101 -0.500220090181345
0.154151515151515 -0.506632580187066 3.68686868686869 -0.473546623662271 -4.08080808080808 -0.500220083123653 -5.92929292929293 -0.500220087653677
0.158181818181818 -0.50716370926932 3.75757575757576 -0.476285037167685 -4.03030303030303 -0.500220089316489 -5.84848484848485 -0.500220089352844
0.162212121212121 -0.50772302422792 3.82828282828283 -0.478751842758739 -3.97979797979798 -0.500220101045574 -5.76767676767677 -0.500220094608673
0.166242424242424 -0.508311392109744 3.8989898989899 -0.48097512442855 -3.92929292929293 -0.500220096435226 -5.68686868686869 -0.50022009897676
0.170272727272727 -0.508929700601577 3.96969696969697 -0.482979864579152 -3.87878787878788 -0.500220115083346 -5.60606060606061 -0.500220098861993
0.17430303030303 -0.509578857107449 4.04040404040404 -0.484788866809791 -3.82828282828283 -0.50022013047008 -5.52525252525253 -0.50022008750054
0.178333333333333 -0.510259779331508 4.11111111111111 -0.486422319548665 -3.77777777777778 -0.500220139540783 -5.44444444444444 -0.500220098192986
0.182363636363636 -0.5109734572759 4.18181818181818 -0.487898157223701 -3.72727272727273 -0.500220173763621 -5.36363636363636 -0.500220099105145
0.186393939393939 -0.511720830361086 4.25252525252525 -0.489232985004825 -3.67676767676768 -0.500220163739266 -5.28282828282828 -0.500220098330764
0.190424242424242 -0.512502951258232 4.32323232323232 -0.490441313770516 -3.62626262626263 -0.500220180720811 -5.2020202020202 -0.500220093879167
0.194454545454545 -0.513320811374591 4.39393939393939 -0.491536606112515 -3.57575757575758 -0.500220248475371 -5.12121212121212 -0.500220098908512
0.198484848484849 -0.514175509267713 4.46464646464646 -0.492530719888225 -3.52525252525253 -0.500220247687972 -5.04040404040404 -0.500220093370194
0.202515151515152 -0.515068115441885 4.53535353535354 -0.493434473884866 -3.47474747474747 -0.500220311542029 -4.95959595959596 -0.500220087733242
0.206545454545455 -0.515999766327906 4.60606060606061 -0.494257588668256 -3.42424242424242 -0.500220372872762 -4.87878787878788 -0.500220091552419
0.210575757575758 -0.516971623787489 4.67676767676768 -0.49500882829846 -3.37373737373737 -0.500220366808348 -4.7979797979798 -0.500220087909988
0.214606060606061 -0.51798488487052 4.74747474747475 -0.495696169739251 -3.32323232323232 -0.500220462218685 -4.71717171717172 -0.500220099055971
0.218636363636364 -0.519040782802946 4.81818181818182 -0.496326772000757 -3.27272727272727 -0.500220462642173 -4.63636363636364 -0.500220099218921
0.222666666666667 -0.520140589769103 4.88888888888889 -0.496907009520237 -3.22222222222222 -0.500220539778444 -4.55555555555556 -0.50022009321816
0.22669696969697 -0.5212856060372 4.95959595959596 -0.497442964632997 -3.17171717171717 -0.500220769149944 -4.47474747474747 -0.500220097645354
0.230727272727273 -0.522477218669212 5.03030303030303 -0.49683383685051 -3.12121212121212 -0.500220905309579 -4.39393939393939 -0.50022008791078
0.234757575757576 -0.523716807952262 5.1010101010101 -0.497194000808706 -3.07070707070707 -0.500221036654068 -4.31313131313131 -0.500220100093004
0.238787878787879 -0.525005803466161 5.17171717171717 -0.497517385523805 -3.02020202020202 -0.500221129723166 -4.23232323232323 -0.500220097226906
0.242818181818182 -0.526345743672126 5.24242424242424 -0.497807742456006 -2.96969696969697 -0.500221156278497 -4.15151515151515 -0.500220087586083
0.246848484848485 -0.527738146805548 5.31313131313131 -0.49806848435845 -2.91919191919192 -0.500221688638703 -4.07070707070707 -0.500220098903038
0.250878787878788 -0.529184600105711 5.38383838383838 -0.498302613203368 -2.86868686868687 -0.50022197711102 -3.98989898989899 -0.500220094697794
0.254909090909091 -0.530686794986797 5.45454545454545 -0.498512885592852 -2.81818181818182 -0.500222084653132 -3.90909090909091 -0.500220093126434
0.258939393939394 -0.532246419569054 5.52525252525253 -0.498701884223524 -2.76767676767677 -0.50022269530776 -3.82828282828283 -0.500220102194464
0.262969696969697 -0.533865241822433 5.5959595959596 -0.498871799606608 -2.71717171717172 -0.500222647783817 -3.74747474747475 -0.500220091393064
0.267 -0.535545124117479 5.66666666666667 -0.49902468249958 -2.66666666666667 -0.500223654061028 -3.66666666666667 -0.500220100632794
0.271030303030303 -0.53728795179654 5.73737373737374 -0.499162380230181 -2.61616161616162 -0.500223813063571 -3.58585858585859 -0.500220101933031
0.275060606060606 -0.539095688965363 5.80808080808081 -0.499286594956522 -2.56565656565657 -0.50022485949961 -3.5050505050505 -0.500220104280118
0.279090909090909 -0.540970407547936 5.87878787878788 -0.499398792534683 -2.51515151515152 -0.500225727057573 -3.42424242424242 -0.500220108971813
0.283121212121212 -0.5429142100999 5.94949494949495 -0.49950030765961 -2.46464646464646 -0.500225257934547 -3.34343434343434 -0.500220092596719
0.287151515151515 -0.544929295837612 6.02020202020202 -0.499592504291974 -2.41414141414141 -0.500226790801226 -3.26262626262626 -0.500220096292117
0.291181818181818 -0.547099158776372 6.09090909090909 -0.49967644201273 -2.36363636363636 -0.500228693130392 -3.18181818181818 -0.500220113382509
0.295212121212121 -0.549253259774345 6.16161616161616 -0.499753134487068 -2.31313131313131 -0.500228473462745 -3.1010101010101 -0.500220126352486
0.299242424242424 -0.551486603166107 6.23232323232323 -0.499823472754506 -2.26262626262626 -0.500232218351838 -3.02020202020202 -0.500220122996104
0.303272727272727 -0.553801719608495 6.3030303030303 -0.499888408770421 -2.21212121212121 -0.500233749270414 -2.93939393939394 -0.500220149220181
0.30730303030303 -0.556201265670374 6.37373737373737 -0.499948644356653 -2.16161616161616 -0.500236409734291 -2.85858585858586 -0.500220166502521
0.311333333333333 -0.558687957373556 6.44444444444444 -0.500004883032315 -2.11111111111111 -0.500237893330389 -2.77777777777778 -0.50022016515185
0.315363636363636 -0.561264639385259 6.51515151515152 -0.5000577609945 -2.06060606060606 -0.500240956815138 -2.6969696969697 -0.50022022346354
0.319393939393939 -0.563934232218121 6.58585858585859 -0.500107863850333 -2.01010101010101 -0.500242391775651 -2.61616161616162 -0.500220288081644
0.323424242424242 -0.56669979338744 6.65656565656566 -0.500155769253676 -1.95959595959596 -0.500246133799142 -2.53535353535353 -0.500220348074641
0.327454545454545 -0.569564476522364 6.72727272727273 -0.500201908510394 -1.90909090909091 -0.500253858075364 -2.45454545454545 -0.500220474022322
0.331484848484849 -0.572531549486398 6.7979797979798 -0.500246747948229 -1.85858585858586 -0.500260515649093 -2.37373737373737 -0.500220639230091
0.335515151515152 -0.575604425051559 6.86868686868687 -0.500290689117307 -1.80808080808081 -0.500264895075472 -2.29292929292929 -0.500220806494755
0.339545454545455 -0.578786640829326 6.93939393939394 -0.500087561675016 -1.75757575757576 -0.500262942205734 -2.21212121212121 -0.500221140103392
0.343575757575758 -0.582081873998934 7.01010101010101 -0.50010470535152 -1.70707070707071 -0.500272815201231 -2.13131313131313 -0.500221571565056
0.347606060606061 -0.585493948964104 7.08080808080808 -0.500119987140466 -1.65656565656566 -0.500285107759036 -2.05050505050505 -0.500222087280557
0.351636363636364 -0.589026859756208 7.15151515151515 -0.500133595758023 -1.60606060606061 -0.500300210814922 -1.96969696969697 -0.500222891448328
0.355666666666667 -0.592684738347749 7.22222222222222 -0.500145753864574 -1.55555555555556 -0.500312002423082 -1.88888888888889 -0.500224042340178
0.35969696969697 -0.596471907804881 7.29292929292929 -0.500156586444329 -1.50505050505051 -0.50032845042572 -1.80808080808081 -0.500225519860968
0.363727272727273 -0.600392871713559 7.36363636363636 -0.500166271962561 -1.45454545454546 -0.500340665527593 -1.72727272727273 -0.500227557759526
0.367757575757576 -0.604452320515618 7.43434343434343 -0.500174943124065 -1.4040404040404 -0.500357455725614 -1.64646464646465 -0.500230478665083
0.371787878787879 -0.608655157388156 7.50505050505051 -0.500182718330804 -1.35353535353535 -0.500384957759056 -1.56565656565656 -0.500234294023249
0.375818181818182 -0.613006456478846 7.57575757575758 -0.500189704560104 -1.3030303030303 -0.500403891031573 -1.48484848484848 -0.500239619692501
0.379848484848485 -0.617511534776294 7.64646464646465 -0.500195988522296 -1.25252525252525 -0.500414426335412 -1.4040404040404 -0.500246816409347
0.383878787878788 -0.622175930677857 7.71717171717172 -0.500201695991855 -1.2020202020202 -0.500443511206099 -1.32323232323232 -0.500256347567647
0.387909090909091 -0.627057658133879 7.78787878787879 -0.500206885262835 -1.15151515151515 -0.500538413547165 -1.24242424242424 -0.500269361840128
0.391939393939394 -0.632039148881982 7.85858585858586 -0.500211631103448 -1.1010101010101 -0.500556708860597 -1.16161616161616 -0.500286460795418
0.395969696969697 -0.637203721320697 7.92929292929293 -0.500216023229989 -1.05050505050505 -0.500580742389228 -1.08080808080808 -0.50030914551049
0.4 -0.642556708532386 8 -0.500220100399603 -1 -0.500671716199684 -1 -0.500338900484982
