0.05 0.0475
0.055319030629611 0.0522609223170027
0.060410142021773 0.0567691504862049
0.0653684140558046 0.0611143341277953
0.0702495676507401 0.0653484972957809
0.0750869442774887 0.0695024872621757
0.0799007421057678 0.0735948382422983
0.0847032824623109 0.0776367783968234
0.0895021090527718 0.0816351484692037
0.0943018491914148 0.0855941375913539
0.0991053455640969 0.0895163283044919
0.103914349339008 0.09340333002905
0.108729946123218 0.0972561642877215
0.113552817984696 0.101075499101592
0.118383404474636 0.104861791407181
0.12322200132378 0.1086153733083
0.128068820681967 0.112336504047182
0.132924027663218 0.116025401091243
0.137787762330528 0.119682258537248
0.142660152768247 0.123307257849083
0.147541322728401 0.126900573990708
0.152431395997643 0.130462378817145
0.157330498801938 0.133992842852196
0.162238761053388 0.137492136132981
0.167156316927409 0.140960428527958
0.172083305064164 0.144397889769179
0.177019868569198 0.147804689339289
0.181966154915813 0.151180996293655
0.186922315807911 0.154526979062231
0.191888507035836 0.157842805254747
0.196864888342227 0.16112864148065
0.201851623305868 0.164384653188384
0.206848879246478 0.167611004524836
0.211856827150552 0.170807858213902
0.216875641617024 0.173975375452235
0.221905500820863 0.177113715819973
0.22694658649257 0.180223037204241
0.231999083911564 0.183303495733403
0.237063181911647 0.186355245720266
0.242139072896898 0.189378439612665
0.247226952866616 0.192373227950112
0.252327021448086 0.195339759325366
0.257439481936157 0.198278180349988
0.262564541338771 0.201188635623081
0.267702410427709 0.204071267702564
0.272853303793962 0.206926217078407
0.278017439907202 0.209753622147387
0.283195041178936 0.212553619188953
0.288386334028983 0.2153263423419
0.293591548954961 0.218071923581554
0.298810920604548 0.220790492697269
0.304044687850296 0.223482177270008
0.309293093866802 0.226147102649877
0.314556386210113 0.228785391933455
0.319834816899208 0.231397165940808
0.325128642499461 0.2339825431921
0.330438124207991 0.236541639883693
0.335763527940813 0.239074569863698
0.341105124421733 0.241581444606885
0.346463189272922 0.244062373188935
0.351838003107118 0.246517462259958
0.357229851621436 0.248946816017282
0.362639025692721 0.251350536177445
0.368065821474452 0.253728721947401
0.373510540495148 0.256081469994903
0.378973489758275 0.258408874418063
0.384454981843645 0.26071102671407
0.389955335010286 0.262988015747069
0.395474873300809 0.2652399277152
0.401013926647245 0.267466846116796
0.406572830978385 0.269668851715746
0.412151928328631 0.271846022506038
0.417751566948371 0.273998433675487
0.423372101415908 0.276126157568659
0.429013892750978 0.278229263649024
0.43467730852989 0.280307818460333
0.44036272300233 0.282361885587266
0.446070517209884 0.284391525615355
0.45180107910634 0.286396796090219
0.457554803679828 0.288377751476134
0.463332093076878 0.290334443113975
0.469133356728487 0.292266919178547
0.474959011478276 0.294175224635362
0.480809481712843 0.296059401196869
0.486685199494435 0.297919487278193
0.492586604696062 0.299755517952419
0.498514145139179 0.301567524905447
0.504468276734103 0.303355536390468
0.510449463623319 0.305119577182096
0.51645817832785 0.306859668530196
0.522494901896888 0.30857582811345
0.52856012406089 0.310268069992694
0.534654343388357 0.311936404564075
0.540778067446541 0.313580838512051
0.54693181296632 0.315201374762288
0.55311610601153 0.316798012434473
0.559331482153033 0.318370746795085
0.565578486647819 0.319919569210158
0.57185767462349 0.321444467098052
0.57816961126845 0.322945423882267
0.584514872028176 0.324422418944327
0.590894042807954 0.325875427576734
0.597307720182484 0.32730442093603
0.60375651161278 0.328709365995959
0.610241035670819 0.330090225500743
0.616761922272407 0.331446957918476
0.623319812918758 0.332779517394621
0.629915360947303 0.334087853705612
0.636549231792274 0.335371912212534
0.643222103255632 0.336631633814873
0.649934665788931 0.33786695490429
0.656687622786743 0.339077807318398
0.663481690892281 0.340264118294496
0.67031760031592 0.341425810423204
0.6771960951673 0.342562801601955
0.684117933801771 0.343675004988267
0.69108388918193 0.344762328952735
0.698094749255081 0.345824677031647
0.70515131734744 0.346861947879159
0.712254412575972 0.347874035218908
0.71940487027879 0.348860827794972
0.726603542465059 0.349822209322071
0.733851298285429 0.350758058434858
0.74114902452405 0.351668248636209
0.748497626113259 0.352552648244335
0.755898026672125 0.35341112033859
0.763351169070052 0.354243522703806
0.770858016016714 0.355049707772993
0.778419550679691 0.355829522568217
0.7860367773312 0.356582808639479
0.793710722025421 0.357309402001384
0.801442433307997 0.358009133067397
0.809232982959361 0.358681826581477
0.817083466773648 0.359327301546827
0.82499500537506 0.35994537115155
0.83296874507363 0.360535842690934
0.841005858762486 0.3610985174861
0.849107546858827 0.361633190798732
0.857275038290939 0.362139651741603
0.865509591533779 0.362617683184555
0.873812495695745 0.363067061655637
0.882185071659495 0.363487557237037
0.890628673279804 0.363878933455441
0.899144688641677 0.364240947166454
0.907734541382163 0.364573348432652
0.916399692079523 0.364875880394863
0.925141639713669 0.365148279136206
0.933961923202095 0.365390273538429
0.942862123015767 0.365601585130023
0.951843862879804 0.365781927925585
0.960908811564128 0.365931008255868
0.970058684769614 0.366048524587902
0.979295247115723 0.366134167334554
0.98862031423603 0.366187618652836
0.998035754988541 0.366208552230244
1.00754349378825 0.366196633058332
1.01714551306993 0.366151517192715
1.02684385588988 0.366072851498588
1.0366406286758 0.365960273380826
1.04653800413517 0.365813410497636
1.05653822433269 0.365631880456675
1.06664360394894 0.365415290492441
1.07685653373287 0.365163237123689
1.08717948416198 0.364875305789495
1.09761500932546 0.364551070462505
1.10816575104644 0.364190093237775
1.1188344432613 0.363791923895494
1.12962391667532 0.363356099435733
1.14053710371592 0.362882143583209
1.15157704380637 0.362369566259884
1.16274688898523 0.361817863023052
1.17404990989888 0.361226514466328
1.18548950219732 0.360594985580761
1.19706919336612 0.35992272507304
1.20879265003046 0.359209164637467
1.22066368577123 0.358453718178115
1.23268626949625 0.357655780977208
1.24486453441493 0.356814728805439
1.25720278766887 0.355929916969513
1.26970552067658 0.355000679291758
1.28237742025666 0.35402632701616
1.29522338060037 0.353006147634635
1.30824851617212 0.351939403626715
1.32145817562507 0.350825331105195
1.33485795682849 0.349663138359497
1.34845372311419 0.348452004287711
1.36225162086161 0.347191076707328
1.37625809855477 0.345879470533667
1.39047992745944 0.344516265813849
1.40492422408665 0.34310050560293
1.41959847462806 0.341631193667362
1.43451056157118 0.34010729199943
1.44966879272759 0.338527718124573
1.46508193293597 0.336891342181579
1.48075923873453 0.33519698375354
1.49671049633402 0.333443408425157
1.51294606326508 0.331629324039401
1.52947691412093 0.329753376623799
1.54631469087119 0.32781414595362
1.56347175828406 0.32581014071601
1.58096126506416 0.323739793235776
1.59879721139257 0.321601453719989
1.61699452364496 0.319393383975127
1.63556913716453 0.317113750547067
1.65453808807834 0.314760617231361
1.67391961527079 0.312331936899015
1.6937332737638 0.30982554258223
1.71400006090064 0.307239137765884
1.7347425568842 0.304570285835263
1.75598508137657 0.301816398640321
1.77775386801343 0.298974724154162
1.80007725880807 0.296042333231911
1.82298592048863 0.293016105521104
1.84651308478584 0.289892714643326
1.87069481450166 0.286668612869981
1.89557029674236 0.283340015667963
1.92118216383929 0.279902886715653
1.9475768409785 0.276352924317298
1.97480491707286 0.272685550619018
2.00292153142871 0.268895905714809
2.03198676253613 0.264978849712793
2.06206599577193 0.260928977228073
2.09323023242917 0.256740650732537
2.12555628121769 0.252408061911858
2.15912674259556 0.247925333858562
2.19402965302789 0.243286681723112
2.230357598041 0.238486655313852
2.26820602979385 0.233520493540675
2.30767044375845 0.228384625928222
2.34884200169002 0.223077357104853
2.39180118255856 0.217599759554093
2.43660918562807 0.211956767731442
2.48329722086693 0.206158401092618
2.53185460659756 0.200220939442031
2.58221771392536 0.194167749122966
2.63426288713549 0.188029371422139
2.68780678158978 0.181842528219112
2.74261632209691 0.175647943179084
2.7984276652302 0.169487271682791
2.85497035251871 0.163399787420148
2.91199107079766 0.157419572956617
2.96927206063428 0.151573747106108
3.02664162180002 0.145881877692066
3.0839768483007 0.14035638763262
3.14120049591411 0.135003591654423
3.19827443998832 0.129824998466146
3.25519186652314 0.12481860646586
3.31196966340811 0.119980036295032
3.36864180818741 0.11530343794183
3.4252540487311 0.110782170747598
3.48185986744407 0.106409285601655
3.53851756777406 0.102177849321598
3.59528826996383 0.0980811505798459
3.6522346065085 0.0941128209973024
3.70941993644185 0.0902668978625135
3.76690793374332 0.0865378481885795
3.82476243987672 0.082920568212633
3.88304750003376 0.0794103681069208
3.94182752617741 0.0760029484746065
4.00116754791255 0.0726943729279243
4.0611335255021 0.0694810394695736
4.1217927090244 0.0663596523305547
4.18321403465487 0.0633271952099363
4.24546855410869 0.0603809064030574
4.30862989699559 0.0575182560141908
4.37277476866099 0.0547369252713806
4.43798348836094 0.0520347878561058
4.50434057459673 0.0494098931022174
4.5719353863189 0.0468604508894711
4.64086283066345 0.0443848180451126
4.71122415004958 0.041981486064489
4.78312780398929 0.0396490699632739
4.85669046398404 0.0373862980759499
4.93203814358511 0.035192002614971
5.00930749028346 0.0330651108002462
5.08864727163647 0.0310046363569586
5.17022009527965 0.029009671158631
5.25420441166462 0.027079376758304
5.34079686011744 0.0252129754989263
5.43021503394036 0.0234097408176639
5.52270075989246 0.0216689862476968
5.61852401299427 0.0199900524600754
5.71798762128322 0.0183722914545469
5.82143295975508 0.0168150466669909
5.9292468921734 0.0153176272579928
6.04187029901826 0.0138792740966634
6.15980863657054 0.0124991138193603
6.28364511462073 0.0111760956022727
6.41405726750895 0.00990890257319441
6.55183792919622 0.00869582548771709
6.69792189038297 0.00753457937190031
6.85341972619456 0.00642203253391326
7.01966013480346 0.00535379876225637
7.19824068779518 0.00432361316311917
7.3910813720418 0.00332236454825259
7.60045747501098 0.00233659333935332
7.82893483402393 0.00134622551103205
8 0.00063841942481546
