-1 -0.100219925444204 -0.756069610515091 -4.38236353192517 -0.0113780883152374
-0.98 -0.116233508371825 -0.846036723559558 -4.60654167844337 -0.013539623229323
-0.96 -0.134087907154757 -0.939970989103546 -4.77663897823228 -0.016039705559422
-0.94 -0.153850655305629 -1.03664094857718 -4.87750936650562 -0.018915867995585
-0.92 -0.175561568995648 -1.13450367922651 -4.89321419760493 -0.0222067271109542
-0.9 -0.199226385511925 -1.23169295964694 -4.80743965501112 -0.0259513657950374
-0.88 -0.224810254745109 -1.3260167166 -4.60400687650548 -0.0301885866770152
-0.86 -0.252231287554812 -1.41496555498355 -4.26746869080067 -0.0349560355780442
-0.84 -0.28135439932472 -1.49573399751974 -3.78378146587706 -0.0402891984589494
-0.82 -0.31198571687313 -1.56525577394214 -3.14103486043666 -0.046220280404032
-0.8 -0.343867839854195 -1.62025409771004 -2.33021653381612 -0.0527769807881257
-0.78 -0.376676261586922 -1.65730735428877 -1.34598344137902 -0.0599811847518929
-0.76 -0.410017256724203 -1.67293000861662 -0.18740659133787 -0.0678475972544032
-0.74 -0.443427532435056 -1.66366783791253 1.14134755081647 -0.0763823520362887
-0.72 -0.476375914356634 -1.62620583447202 2.63043807813591 -0.0855816335314683
-0.7 -0.50826729758795 -1.55748633372889 4.26391262666534 -0.0954303548070514
-0.68 -0.538449036261729 -1.45483414395816 6.01945031108766 -0.105900938675103
-0.66 -0.566219873376613 -1.31608472846576 7.86831880161235 -0.116952251896352
-0.64 -0.590841427118318 -1.13971086433687 9.77557364944155 -0.128528743595936
-0.62 -0.611552153275975 -0.92494271911317 11.7005196676974 -0.140559838385769
-0.6 -0.627583598881587 -0.671875990547358 13.5974438764846 -0.15295963204531
-0.58 -0.638178653973259 -0.38156268134344 15.4166175945378 -0.165626932835297
-0.56 -0.642611401160098 -0.056079258206039 17.1055522168564 -0.178445684578863
-0.54 -0.640208061644331 0.301432611224348 18.6104796911202 -0.19128579861299
-0.52 -0.630368446920869 0.686756836337434 19.8780154206402 -0.204004410768218
-0.5 -0.612587252814084 1.0946283187454 20.856949055496 -0.216447566960959
-0.48 -0.586474481706358 1.51879492797435 21.5000981688191 -0.228452327167923
-0.46 -0.551774253924235 1.95211657679676 21.7661518879669 -0.239849262974184
-0.44 -0.508381273425257 2.38670042346533 21.6214267977813 -0.250465309097091
-0.42 -0.456354248056582 2.81406965714367 21.0414563440594 -0.260126914889935
-0.4 -0.395925631160737 3.22536176937891 20.0123378377394 -0.268663428447941
-0.38 -0.327507148033029 3.61155075889658 18.5317680693313 -0.275910634193392
-0.36 -0.251690694931001 3.96368643880548 16.6097093231773 -0.281714355286065
-0.34 -0.169244345700575 4.27314298820984 14.2686418235307 -0.285934025398577
-0.32 -0.0811033659404869 4.53186817747592 11.5433757122427 -0.288446130722284
-0.3 0.0116436898230144 4.73262434645332 8.4804147172523 -0.289147422811648
-0.28 0.107773543826242 4.86921225800304 5.13688373798962 -0.287957806172381
-0.26 0.205950995733194 4.93666939472812 1.57905257253828 -0.284822811333671
-0.24 0.304755369472166 4.93143510245272 -2.11949315831266 -0.279715574339623
-0.22 0.402709876874193 4.85147617570632 -5.87996622753056 -0.272638256816516
-0.2 0.498313055136913 4.69636797414067 -9.62069605111045 -0.263622856545765
-0.18 0.590071353842579 4.46732788322712 -13.259560342263 -0.252731376202504
-0.16 0.676531902066067 4.1671998034871 -16.7164344822122 -0.240055336919445
-0.14 0.756314479033095 3.80039027752937 -19.915562590362 -0.225714642859948
-0.12 0.828141742962128 3.37275874829007 -22.787758670269 -0.209855822266161
-0.1 0.890866840397961 2.89146619306719 -25.2723550365292 -0.192649688737069
-0.08 0.943497619007323 2.36478791256142 -27.3188279459646 -0.174288483089714
-0.0600000000000001 0.985216795395522 1.80189750171049 -28.8880461995367 -0.154982570453199
-0.04 1.01539757971186 1.21262993622713 -29.9531065176784 -0.134956778742009
-0.02 1.0336144234606 0.607232241792138 -30.4997386860255 -0.114446472991195
0 1.03964872838161 -0.00388964064332908 -30.5262827504888 -0.093693464997962
0.02 1.03348952483245 -0.610419411304201 -30.0432588736265 -0.0729418592435715
0.04 1.01532929048958 -1.20236658819305 -29.0725669097685 -0.0524339342575633
0.0600000000000001 0.985555227838777 -1.77028338613882 -27.646366528844 -0.032406153663945
0.0800000000000001 0.944736446354619 -2.30545650809512 -25.8056992285095 -0.0130853934676679
0.1 0.89360759828372 -2.80006936031152 -23.5989204538362 0.0053145378518701
0.12 0.833049592799956 -3.24733160480923 -21.0800131599025 0.0225960216571523
0.14 0.76406806074155 -3.64157438969061 -18.3068535995164 0.0385803421129508
0.16 0.68777026138134 -3.9783109795139 -15.3394961976867 0.053109951707766
0.18 0.605341115275011 -4.25426378142138 -12.2385375623479 0.0660502650506883
0.2 0.518019015881857 -4.46735987598784 -9.06361058482736 0.0772909700625976
0.22 0.427072020974294 -4.61669807599062 -5.8720488946362 0.0867468582482132
0.24 0.333774957097069 -4.70249122686391 -2.71775037564586 0.0943581871012987
0.26 0.239387891104169 -4.72598791927233 0.349743266110512 0.100090597583442
0.28 0.145136336755931 -4.68937801047604 3.28594511773706 0.103934617844462
0.3 0.0521934759719616 -4.59568636255686 6.05190426806171 0.105904790828648
0.32 -0.0383354123370629 -4.44865902771846 8.61448270747175 0.106038468130266
0.34 -0.12542620442902 -4.25264577678281 10.9464479137462 0.104394315494151
0.36 -0.208146827012485 -4.01248241436588 13.026406060987 0.101050576835066
0.38 -0.28566582143476 -3.73337579261677 14.8386037482625 0.0961031437526342
0.4 -0.357258655115948 -3.42079386375801 16.3726272146386 0.0896634764583255
0.42 -0.422311899595904 -3.08036253595494 17.6230273833106 0.0818564200347251
0.44 -0.480325424298006 -2.71777054852712 18.5888970327297 0.0728179572442764
0.46 -0.530912774368144 -2.33868308643008 19.2734232508837 0.0626929359135455
0.48 -0.573799910971817 -1.94866443154695 19.6834334434763 0.0516328054375045
0.5 -0.608822500476832 -1.55311130267754 19.8284649616831 0.0397933933275543
0.52 -0.635923014559189 -1.15744287828796 19.667372813942 0.0273327446578787
0.54 -0.655195444717982 -0.774616244723889 18.1674727140262 0.0144087689563754
0.56 -0.667257193957585 -0.43756830304948 16.8929950805518 0.00117309556635661
0.58 -0.67192871553902 0.0128938553015338 28.2180123358456 -0.0122337625163639
0.6 -0.666639851239916 0.452005528685606 10.8416045257399 -0.0256344304443192
0.62 -0.656021779643193 0.61892600239013 12.4732717959629 -0.0388661490398026
0.64 -0.640483366124379 0.950478628539338 17.3086656902933 -0.0518424880269364
0.66 -0.618279378031167 1.25756166763474 13.718156103851 -0.0644403270266569
0.68 -0.590514135653677 1.51329922038355 11.9816883109935 -0.0765367787209206
0.7 -0.557952430732537 1.73781496497127 10.4637816299412 -0.0880289286771952
0.72 -0.521206659863326 1.93156749011866 8.90575593291704 -0.0988269783818077
0.74 -0.48089936370534 2.09388973516531 7.32439858650982 -0.108853449496929
0.76 -0.437662366228238 2.2245317044992 5.7412500910469 -0.118043421431708
0.78 -0.392128239446786 2.32366545997991 4.1769200519321 -0.126344631627231
0.8 -0.344922067686691 2.39186374059 2.65082785323483 -0.133717407446475
0.82 -0.29665368736092 2.43007387812272 1.18097700646125 -0.140134437948658
0.84 -0.24791049254062 2.43958735754011 -0.216253834636159 -0.145580395971822
0.86 -0.199250889728815 2.4220054103624 -1.52629765299175 -0.150051422686566
0.88 -0.151198476364758 2.37920114056386 -2.73655814896186 -0.153554488366925
0.9 -0.104237006522194 2.31327878850754 -3.83653606770056 -0.156106644507817
0.92 -0.0588061941890456 2.22653083240076 -4.81791848417511 -0.157734183560144
0.94 -0.0152983897339044 2.12139370253129 -5.67462779742974 -0.158471723417087
0.96 0.0259438509098879 2.00040293632171 -6.40282843307117 -0.158361234338254
0.98 0.0646293016824097 1.86614862862799 -7.00089063145056 -0.157451026221129
