-1 0.104353486269682
-0.96 0.0348142635684151
-0.92 -0.0481085440568185
-0.88 -0.141674394364649
-0.84 -0.242096773795884
-0.8 -0.344661329305449
-0.76 -0.443925674040803
-0.72 -0.533995013948956
-0.68 -0.608860866478568
-0.64 -0.662783638105589
-0.6 -0.690694327866086
-0.56 -0.688586728227064
-0.52 -0.653869703051951
-0.48 -0.585649778502674
-0.44 -0.484917525120072
-0.4 -0.354616942061585
-0.36 -0.199584939256617
-0.32 -0.026357486429226
-0.28 0.157150688015028
-0.24 0.342075678874373
-0.2 0.519116749427757
-0.16 0.679097378713725
-0.12 0.813535943586124
-0.08 0.91518502679296
-0.04 0.978499725133124
0 1
0.04 0.978499725133124
0.0800000000000001 0.915185026792959
0.12 0.813535943586124
0.16 0.679097378713726
0.2 0.519116749427757
0.24 0.342075678874373
0.28 0.157150688015028
0.32 -0.0263574864292266
0.36 -0.199584939256617
0.4 -0.354616942061584
0.44 -0.484917525120072
0.48 -0.585649778502674
0.52 -0.653869703051951
0.56 -0.688586728227064
0.6 -0.690694327866087
0.64 -0.662783638105589
0.68 -0.608860866478568
0.72 -0.533995013948956
0.76 -0.443925674040803
0.8 -0.344661329305449
0.84 -0.242096773795884
0.88 -0.141674394364649
0.92 -0.0481085440568189
0.96 0.0348142635684151
