0 1
1 0.54030230586814
2 -0.416146836547142
3 -0.989992496600445
4 -0.653643620863612
5 0.283662185463226
6 0.960170286650366
7 0.753902254343305
8 -0.145500033808614
9 -0.911130261884677


0.166666666666667 0.92338371764469 0.160281976470391
0.333333333333333 0.84676743528938 0.30779457254823
0.5 0.77015115293407 0.442537788233517
0.666666666666667 0.69353487057876 0.564511623526253
0.833333333333333 0.61691858822345 0.673716078426437
1.16666666666667 0.380894115465593 0.846917521378548
1.33333333333333 0.221485925063046 0.897115858089268
1.5 0.0620777346604985 0.920746163066229
1.66666666666667 -0.0973304557420486 0.917808436309434
1.83333333333333 -0.256738646144596 0.88830267781888
2.16666666666667 -0.51178777988936 0.754901002891527
2.33333333333333 -0.607428723231577 0.661632960964782
2.5 -0.703069666573794 0.552424761814335
2.66666666666667 -0.798710609916011 0.427276405440185
2.83333333333333 -0.894351553258228 0.286187891842331
3.16666666666667 -0.933934350644307 -0.0311680162496211
3.33333333333333 -0.877876204688168 -0.182152229193994
3.5 -0.821818058732029 -0.323793417812343
3.66666666666667 -0.76575991277589 -0.45609158210467
3.83333333333333 -0.709701766819751 -0.579046722070973
4.16666666666667 -0.497425986475805 -0.788581304989539
4.33333333333333 -0.341208352087999 -0.858467499869856
4.5 -0.184990717700192 -0.902317422352205
4.66666666666667 -0.0287730833123854 -0.920131072436587
4.83333333333333 0.127444551075421 -0.911908450123001
5.16666666666667 0.396413535661083 -0.820976578651088
5.33333333333333 0.50916488585894 -0.745511710191086
5.5 0.621916236056797 -0.651254950031441
5.66666666666667 0.734667586254654 -0.538206298172153
5.83333333333333 0.84741893645251 -0.406365754613222
6.16666666666667 0.925792281265856 -0.0985697720282985
6.33333333333333 0.891414275881345 0.0528641077339685
6.5 0.857036270496835 0.198568319932151
6.66666666666667 0.822658265112325 0.338542864566247
6.83333333333333 0.788280259727815 0.472787741636259
7.16666666666667 0.604001872984651 0.714461628419515
7.33333333333333 0.454101491625998 0.802636908803736
7.5 0.304201110267345 0.865828792294848
7.66666666666667 0.154300728908691 0.904037278892851
7.83333333333333 0.00440034755003815 0.917262368597745
8.16666666666667 -0.27310507182129 0.870620302607038
8.33333333333333 -0.400710109833967 0.8144690374691
8.5 -0.528315147846644 0.737050265995716
8.66666666666666 -0.655920185859321 0.638363988186886
8.83333333333333 -0.783525223871997 0.51841020404261
