0 0
1 0.841470984807897
2 0.909297426825682
3 0.141120008059867
4 -0.756802495307928
5 -0.958924274663138
6 -0.279415498198926
7 0.656986598718789
8 0.989358246623382
9 0.412118485241757


0 0 0.757905132298927 0
0.2 0.154923660560144 0.791331473302515 0.0153809449193358
0.4 0.316532589321006 0.824757814306103 0.0624151487707722
0.6 0.484826786282585 0.85818415530969 0.142439665194453
0.8 0.659806251444882 0.891610496313278 0.256791547830521
1 0.841470984807897 0.925036837316866 0.40680785031912
1.2 0.992189936459306 0.582152679197234 0.591316889639572
1.4 1.07433205648679 0.239268521077601 0.799112036127914
1.6 1.08789734489035 -0.103615637042031 1.01647792345936
1.8 1.03288580166998 -0.446499795161663 1.22969918530912
2 0.909297426825682 -0.789383953281295 1.42506045535242
2 0.909297426825682 -0.789383953281295 1.42506045535242
2.2 0.752268897550042 -0.780901339475103 1.59118881241064
2.4 0.59693689103564 -0.772418725668911 1.72608111588986
2.6 0.443301407282477 -0.763936111862718 1.83007667034231
2.8 0.291362446290553 -0.755453498056526 1.90351478032026
3 0.141120008059867 -0.746970884250334 1.94673475037595
3.2 -0.0143122335548981 -0.807351531897318 1.95961679665194
3.4 -0.18182060469906 -0.867732179544303 1.94020478165203
3.6 -0.36140510537262 -0.928112827191288 1.88608347947035
3.8 -0.553065735575576 -0.988493474838273 1.79483766420102
4 -0.756802495307928 -1.04887412248526 1.66405210993816
4.2 -0.932707226079778 -0.710173185233238 1.49397213467522
4.4 -1.04087176940122 -0.371472247981219 1.29548523200295
4.6 -1.08129612527227 -0.0327713107291998 1.08213943941142
4.8 -1.0539802936929 0.305929626522819 0.867482794390733
5 -0.958924274663138 0.644630563774837 0.665063334430956
5.2 -0.828603033400596 0.658581848850587 0.486264099340996
5.4 -0.695491535122903 0.672533133926337 0.33380813820506
5.6 -0.559589779830061 0.686484419002088 0.208253502426178
5.8 -0.420897767522068 0.700435704077838 0.110158243407379
6 -0.279415498198926 0.714386989153588 0.0400804125516943
6.2 -0.127657496057643 0.803193032259239 -0.000922907017648168
6.4 0.0418617147047701 0.89199907536489 -0.00979850529662097
6.6 0.229142134088313 0.98080511847054 0.0170058594390019
6.8 0.434183762092987 1.06961116157619 0.0830424289134464
7 0.656986598718789 1.15841720468184 0.191863444850938
7.2 0.855628217384068 0.827998981970941 0.344226320536927
7.4 0.988186191507166 0.497580759260042 0.529709155501753
7.6 1.05466052108808 0.167162536549142 0.735095220836982
7.8 1.05505120612682 -0.163255686161758 0.947167787634176
8 0.989358246623382 -0.493673908872656 1.1527101269849
8.2 0.887280830748492 -0.527100249876243 1.34048545585876
8.4 0.778518146672885 -0.560526590879831 1.50717677473758
8.6 0.663070194396561 -0.593952931883419 1.6514470299812
8.8 0.540936973919518 -0.627379272887006 1.77195916794949
9 0.412118485241759 -0.660805613890594 1.86737613500229
