---------------------------------------------------------------------------
Test of decomp function with matrix of size (6,4)
---------------------------------------------------------------------------
The matrix A is:

         4          6          7          4 
         0          2          1          4 
         7          1          0          7 
         1          8          6          6 
         7          1          4          8 
         0          0          8          0 
---------------------------------------------------------------------------
After QR decomposition the Q matrix is:

     0,373       0,47      0,147     -0,601 
         0      0,214    -0,0724      0,693 
     0,653     -0,192     -0,267    0,00981 
    0,0933      0,812    -0,0829      0,239 
     0,653     -0,192      0,195      0,299 
         0          0      0,926       0,11 
---------------------------------------------------------------------------
After QR decomposition the R matrix is upper triangular:

      10,7       4,29       5,78       11,8 
         0       9,36       7,61       4,72 
         0          0       8,64     -0,508 
         0          0          0       4,26 
---------------------------------------------------------------------------
Checking that Q^TQ yields the identity matrix:

         1   2,22e-16   5,55e-17   6,38e-16 
  2,22e-16          1  -5,55e-17  -7,63e-17 
  5,55e-17  -5,55e-17          1  -1,39e-17 
  6,38e-16  -7,63e-17  -1,39e-17          1 
---------------------------------------------------------------------------
Checking that QR = A:

         4          6          7          4 
         0          2          1          4 
         7          1          0          7 
         1          8          6          6 
         7          1          4          8 
         0          0          8          0 


---------------------------------------------------------------------------
Test of solve function with matrix of size (6,6)
---------------------------------------------------------------------------
The square matrix B is:

         5          8          0          2          7          1 
         3          0          4          9          8          6 
         6          6          6          7          8          9 
         2          0          8          2          8          7 
         1          8          3          7          6          7 
         3          1          1          0          0          8 
---------------------------------------------------------------------------
The vector b is:
         7          1          1          6          0          4 
---------------------------------------------------------------------------
B is factorized into Q and R:

     0,546      0,326      -0,46     -0,225      0,576     0,0393 
     0,327     -0,359      0,126      0,795      0,293      0,173 
     0,655    -0,0248      0,119  -0,000391     -0,471     -0,578 
     0,218     -0,239      0,741     -0,467      0,328      0,143 
     0,109      0,805      0,399      0,249     -0,164      0,304 
     0,327     -0,243     -0,225     -0,191     -0,475      0,722 

      9,17       9,49       7,64       9,82       14,1       13,3 
         0       8,65      -1,33        2,4       2,13    -0,0413 
         0          0       8,12       5,32       7,06       7,55 
         0          0          0       7,52       2,54       1,49 
         0          0          0          0       4,25      -4,56 
         0          0          0          0          0       4,78 
---------------------------------------------------------------------------
The solution x to the equation Bx = b is:
    -0,154     -0,313      -1,28      -1,32       1,74      0,757 
---------------------------------------------------------------------------
Checking that Bx = b
         7          1          1          6  -1,78e-15          4 
---------------------------------------------------------------------------
The determinant of the upper triangular matrix R (found via QR-decomposition
 of the square matrix B) is det(R) = 98193


---------------------------------------------------------------------------
Test of inverse function with matrix of size (6,6)
---------------------------------------------------------------------------
The inverse of matrix B is

    0,0226    -0,0094      0,211    -0,0858     -0,181   0,000143 
   0,00348     -0,108     0,0676    -0,0195     0,0765    -0,0449 
    -0,137     -0,153      0,268     0,0372    -0,0429     -0,165 
   -0,0805     0,0622      0,105     -0,105     0,0104    -0,0724 
     0,145      0,108     -0,241      0,109     0,0299     0,0504 
   0,00823     0,0362     -0,121       0,03     0,0637      0,151 
---------------------------------------------------------------------------
Checking that B^(-1)B is the identity matrix

         1   1,04e-16   2,78e-16  -2,19e-16  -1,39e-16  -8,33e-17 
  8,33e-17          1  -1,11e-16  -5,27e-16  -1,67e-16          0 
  1,25e-16   1,67e-16          1   3,89e-16   2,22e-16  -4,44e-16 
 -3,47e-16     -5e-16  -2,22e-16          1  -1,11e-16          0 
 -1,25e-16     -5e-16          0  -8,33e-17          1  -2,22e-16 
  1,67e-16   2,22e-16          0  -2,78e-17  -1,11e-16          1 
