101 0.000695231693876483
101.058 0.0176308402817514
101.116 0.01771278812465
101.174 0.0177953082859065
101.232 0.0178784061040417
101.29 0.0179620869799296
101.348 0.0180463563776729
101.406 0.0181312198254924
101.464 0.018216682916632
101.522 0.0183027513102775
101.58 0.0183894307324915
101.638 0.0184767269771632
101.696 0.0185646459069743
101.754 0.0186531934543806
101.812 0.0187423756226107
101.87 0.0188321984866803
101.928 0.0189226681944249
101.986 0.0190137909675481
102.044 0.0191055731026894
102.102 0.0191980209725086
102.16 0.0192911410267894
102.218 0.0193849397935611
102.276 0.0194794238802401
102.334 0.0195745999747901
102.392 0.0196704748469026
102.45 0.0197670553491974
102.508 0.019864348418444
102.566 0.0199623610768033
102.624 0.0200611004330922
102.682 0.0201605736840679
102.74 0.0202607881157367
102.798 0.0203617511046838
102.856 0.0204634701194275
102.914 0.0205659527217963
102.972 0.0206692065683303
103.03 0.0207732394117073
103.088 0.0208780591021942
103.146 0.0209836735891233
103.204 0.0210900909223958
103.262 0.0211973192540105
103.32 0.0213053668396213
103.378 0.0214142420401211
103.436 0.0215239533232548
103.494 0.021634509265261
103.552 0.0217459185525429
103.61 0.0218581899833698
103.668 0.0219713324696084
103.726 0.022085355038487
103.784 0.02220026683439
103.842 0.0223160771206859
103.9 0.0224327952815887
103.958 0.0225504308240533
104.016 0.0226689933797048
104.074 0.0227884927068049
104.132 0.0229089386922528
104.19 0.0230303413536243
104.248 0.0231527108412481
104.306 0.0232760574403207
104.364 0.0234003915730609
104.422 0.0235257238009043
104.48 0.0236520648267389
104.538 0.0237794254971832
104.596 0.0239078168049059
104.654 0.024037249890991
104.712 0.0241677360473463
104.77 0.0242992867191584
104.828 0.0244319135073939
104.886 0.0245656281713488
104.944 0.0247004426312464
105.002 0.0248363689708847
105.06 0.0249734194403353
105.118 0.0251116064586942
105.176 0.0252509426168855
105.234 0.0253914406805196
105.292 0.0255331135928069
105.35 0.0256759744775291
105.408 0.0258200366420669
105.466 0.0259653135804889
105.524 0.0261118189767
105.582 0.0262595667076523
105.64 0.0264085708466197
105.698 0.0265588456665369
105.756 0.026710405643405
105.814 0.0268632654597655
105.872 0.0270174400082427
105.93 0.0271729443951585
105.988 0.0273297939442184
106.046 0.027488004200273
106.104 0.0276475909331552
106.162 0.0278085701415947
106.22 0.0279709580572132
106.278 0.0281347711486002
106.336 0.0283000261254722
106.394 0.0284667399429181
106.452 0.0286349298057311
106.51 0.0288046131728299
106.568 0.0289758077617726
106.626 0.0291485315533628
106.684 0.0293228027963526
106.742 0.0294986400122434
106.8 0.0296760620001875
106.858 0.0298550878419925
106.916 0.0300357369072309
106.974 0.0302180288584582
107.032 0.0304019836565416
107.09 0.0305876215661009
107.148 0.0307749631610672
107.206 0.0309640293303588
107.264 0.0311548412836802
107.322 0.0313474205574447
107.38 0.0315417890208261
107.438 0.0317379688819399
107.496 0.0319359826941607
107.554 0.032135853362575
107.612 0.032337604150577
107.67 0.0325412586866074
107.728 0.0327468409710417
107.786 0.0329543753832292
107.844 0.033163886688689
107.902 0.0333754000464643
107.96 0.0335889410166419
108.018 0.0338045355680384
108.076 0.0340222100860595
108.134 0.0342419913807356
108.192 0.0344639066949383
108.25 0.0346879837127837
108.308 0.0349142505682249
108.366 0.0351427358538419
108.424 0.0353734686298309
108.482 0.0356064784332002
108.54 0.035841795287177
108.598 0.0360794497108324
108.656 0.0363194727289271
108.714 0.036561895881988
108.772 0.0368067512366171
108.83 0.0370540713960437
108.888 0.037303889510922
108.946 0.0375562392903838
109.004 0.037811155013352
109.062 0.0380686715401216
109.12 0.0383288243242162
109.178 0.0385916494245271
109.236 0.0388571835177428
109.294 0.0391254639110769
109.352 0.0393965285553022
109.41 0.0396704160581006
109.468 0.0399471656977353
109.526 0.0402268174370579
109.584 0.040509411937855
109.642 0.0407949905755482
109.7 0.0410835954542545
109.758 0.041375269422219
109.816 0.0416700560876289
109.874 0.0419679998348212
109.932 0.0422691458408936
109.99 0.0425735400927323
110.048 0.0428812294044658
110.106 0.0431922614353598
110.164 0.0435066847081641
110.222 0.0438245486279251
110.28 0.0441459035012775
110.338 0.0444708005562294
110.396 0.0447992919624546
110.454 0.0451314308521077
110.512 0.0454672713411767
110.57 0.0458068685513902
110.628 0.0461502786326937
110.686 0.0464975587863147
110.744 0.0468487672884308
110.802 0.0472039635144622
110.86 0.047563207964006
110.918 0.0479265622864306
110.976 0.0482940893071521
111.034 0.0486658530546132
111.092 0.0490419187879846
111.15 0.0494223530256129
111.208 0.0498072235742372
111.266 0.0501965995589973
111.324 0.0505905514542611
111.382 0.0509891511152918
111.44 0.0513924718107871
111.498 0.051800588256312
111.556 0.0522135766486586
111.614 0.0526315147011577
111.672 0.0530544816799765
111.73 0.0534825584414298
111.788 0.0539158274703419
111.846 0.0543543729194878
111.904 0.0547982806501536
111.962 0.0552476382738476
112.02 0.0557025351952044
112.078 0.0561630626561163
112.136 0.0566293137811363
112.194 0.0571013836241913
112.252 0.057579369216652
112.31 0.0580633696168011
112.368 0.0585534859607501
112.426 0.0590498215148496
112.484 0.0595524817296469
112.542 0.0600615742954398
112.6 0.0605772091994838
112.658 0.0610994987849056
112.716 0.0616285578113854
112.774 0.0621645035176645
112.832 0.0627074556859445
112.89 0.0632575367082411
112.948 0.0638148716547631
113.006 0.0643795883443839
113.064 0.0649518174172825
113.122 0.0655316924098282
113.18 0.0661193498317885
113.238 0.0667149292459436
113.296 0.067318573350193
113.354 0.0679304280622434
113.412 0.0685506426069715
113.47 0.0691793696065558
113.528 0.069816765173483
113.586 0.0704629890065292
113.644 0.0711182044898257
113.702 0.071782578795127
113.76 0.072456282987392
113.818 0.0731394921338102
113.876 0.0738323854163931
113.934 0.0745351462482713
113.992 0.0752479623938316
114.05 0.0759710260928438
114.108 0.0767045341887241
114.166 0.0774486882610985
114.224 0.0782036947628255
114.282 0.0789697651616554
114.34 0.0797471160867
114.398 0.0805359694799064
114.456 0.0813365527527233
114.514 0.0821490989481716
114.572 0.0829738469085238
114.63 0.0838110414488239
114.688 0.0846609335364719
114.746 0.0855237804771233
114.804 0.0863998461071502
114.862 0.0872894009929379
114.92 0.0881927226372852
114.978 0.089110095693208
115.036 0.090041812185441
115.094 0.0909881717399636
115.152 0.0919494818218747
115.21 0.0929260579819711
115.268 0.0939182241123875
115.326 0.0949263127116857
115.384 0.0959506651597881
115.442 0.0969916320031759
115.5 0.0980495732507895
115.558 0.0991248586810937
115.616 0.100217868160787
115.674 0.101328991975659
115.732 0.102458631174135
115.79 0.103607197924047
115.848 0.104775115883235
115.906 0.10596282058458
115.964 0.107170759836107
116.022 0.108399394136848
116.08 0.109649197109166
116.138 0.110920655948282
116.196 0.112214271889801
116.254 0.113530560696049
116.312 0.114870053162093
116.37 0.116233295642357
116.428 0.117620850598793
116.486 0.119033297171607
116.544 0.120471231773619
116.602 0.121935268709359
116.66 0.123426040820095
116.718 0.124944200156016
116.776 0.126490418676896
116.834 0.128065388982604
116.892 0.12966982507493
116.95 0.131304463152251
117.008 0.132970062438658
117.066 0.134667406049256
117.124 0.136397301893448
117.182 0.138160583618092
117.24 0.139958111592569
117.298 0.141790773937864
117.356 0.143659487601941
117.414 0.145565199483756
117.472 0.147508887608462
117.53 0.149491562356441
117.588 0.151514267748996
117.646 0.153578082793699
117.704 0.155684122892533
117.762 0.1578335413162
117.82 0.160027530748142
117.878 0.162267324902052
117.936 0.164554200216848
117.994 0.166889477633382
118.052 0.169274524457356
118.11 0.171710756313265
118.168 0.174199639194398
118.226 0.176742691614338
118.284 0.179341486865679
118.342 0.181997655392068
118.4 0.184712887280067
118.458 0.187488934877746
118.516 0.190327615547371
118.574 0.193230814560034
118.632 0.196200488140559
118.69 0.199238666671621
118.748 0.20234745806656
118.806 0.205529051321044
118.864 0.208785720254378
118.922 0.212119827452055
118.98 0.215533828421859
119.038 0.219030275976749
119.096 0.222611824858612
119.154 0.226281236618011
119.212 0.230041384766065
119.27 0.233895260215779
119.328 0.23784597703136
119.386 0.241896778505391
119.444 0.246051043585158
119.502 0.250312293671006
119.56 0.254684199811239
119.618 0.259170590319923
119.676 0.263775458845884
119.734 0.268502972923346
119.792 0.273357483036906
119.85 0.278343532236068
119.908 0.283465866337247
119.966 0.288729444754045
120.024 0.294139451999809
120.082 0.299701309909912
120.14 0.305420690634933
120.198 0.311303530459952
120.256 0.31735604450964
120.314 0.323584742403586
120.372 0.329996444931565
120.43 0.336598301824098
120.488 0.343397810699916
120.546 0.350402837278662
120.604 0.357621636954582
120.662 0.365062877834942
120.72 0.372735665355776
120.778 0.380649568597134
120.836 0.388814648430502
120.894 0.397241487642546
120.952 0.405941223191894
121.01 0.414925580769456
121.068 0.424206911847803
121.126 0.433798233421611
121.184 0.443713270659389
121.242 0.453966502706367
121.3 0.464573211900411
121.358 0.475549536686499
121.416 0.486912528541781
121.474 0.498680213251817
121.532 0.510871656910505
121.59 0.523507037050789
121.648 0.5366077193517
121.706 0.550196340409172
121.764 0.564296897104482
121.822 0.578934843154863
121.88 0.594137193486933
121.938 0.609932637134843
121.996 0.62635165943284
122.054 0.643426674345912
122.112 0.661192167863954
122.17 0.679684853474036
122.228 0.698943840823705
122.286 0.719010818795328
122.344 0.739930254329155
122.402 0.761749608460829
122.46 0.784519571178734
122.518 0.808294316858339
122.576 0.833131782195097
122.634 0.859093968734687
122.692 0.88624727228984
122.75 0.914662841736213
122.808 0.944416969895087
122.866 0.975591519436486
122.924 1.00827438697037
122.982 1.04256000873222
123.04 1.07854991150709
123.098 1.11635331266545
123.156 1.15608777339449
123.214 1.19787990938552
123.272 1.24186616336236
123.33 1.28819364388077
123.388 1.33702103476138
123.446 1.38851957929237
123.504 1.44287414289391
123.562 1.50028435719743
123.62 1.5609658473576
123.678 1.62515154275527
123.736 1.69309306889696
123.794 1.76506221505884
123.852 1.8413524677853
123.91 1.92228059439124
123.968 2.00818825269153
124.026 2.09944359274751
124.084 2.19644280279085
124.142 2.2996115338236
124.2 2.40940611466811
124.258 2.52631444022646
124.316 2.65085637894962
124.374 2.78358349935818
124.432 2.92507785806062
124.49 3.07594952119113
124.548 3.23683240575392
124.606 3.40837792571849
124.664 3.59124580956703
124.722 3.78609132296663
124.78 3.99354798709813
124.838 4.21420473972104
124.896 4.44857635957248
124.954 4.69706589315588
125.012 4.95991782872527
125.07 5.23716091582013
125.128 5.52853991141204
125.186 5.83343624740055
125.244 6.1507787743243
125.302 6.47894745410797
125.36 6.81567522348005
125.418 7.15795620889689
125.476 7.50197185343272
125.534 7.84304987069169
125.592 8.17567350187274
125.65 8.49355922962662
125.708 8.7898186218267
125.766 9.05721321081864
125.824 9.28849979633764
125.882 9.47684808908868
125.94 9.616295643047
125.998 9.70219054125131
126.056 9.73156490692143
126.114 9.70338565857772
126.172 9.61864402700712
126.23 9.48026964242485
126.288 9.29288281660168
126.346 9.06242307473362
126.404 8.79570732120837
126.462 8.49997461632043
126.52 8.18246734097922
126.578 7.85008414416436
126.636 7.50912310581157
126.694 7.16511801437194
126.752 6.82275904512354
126.81 6.48588226018602
126.868 6.15750979158677
126.926 5.83992319367183
126.984 5.53475498510527
127.042 5.24308674779914
127.1 4.9655455347885
127.158 4.70239330970075
127.216 4.45360650264926
127.274 4.21894449794298
127.332 3.99800703967563
127.39 3.79028126302916
127.448 3.59517944762317
127.506 3.41206874665882
127.564 3.2402941537477
127.622 3.07919588910352
127.68 2.92812226090197
127.738 2.78643891430512
127.796 2.65353523738058
127.854 2.52882855984226
127.912 2.41176666206342
127.97 2.30182900982203
128.028 2.19852704447932
128.086 2.10140378747286
128.144 2.0100329603577
128.202 1.92401777525375
128.26 1.84298951362144
128.318 1.76660598212734
128.376 1.69454991151888
128.434 1.62652734667102
128.492 1.56226606226374
128.55 1.50151402805667
128.608 1.44403793975498
128.666 1.38962182546359
128.724 1.33806573326119
128.782 1.28918450214623
128.84 1.24280661623802
128.898 1.19877314044362
128.956 1.1569367346566
129.014 1.11716074280802
129.072 1.07931835263991
129.13 1.04329182184187
129.188 1.00897176612066
129.246 0.976256504816297
129.304 0.945051459800592
129.362 0.915268603570636
129.42 0.886825952658883
129.478 0.859647102711282
129.536 0.833660801821993
129.594 0.80880055895197
129.652 0.785004284493234
129.71 0.7622139602663
129.768 0.740375336453985
129.826 0.719437653178332
129.884 0.699353384617786
129.942 0.680078003739795
130 0.661569765888247
130.058 0.643789509617252
130.116 0.626700473302876
130.174 0.610268126192555
130.232 0.594460012669766
130.29 0.579245608619041
130.348 0.564596188874562
130.406 0.550484704825378
130.464 0.536885671331772
130.522 0.523775062181651
130.58 0.511130213383748
130.638 0.498929733655765
130.696 0.487153421521726
130.754 0.475782188483825
130.812 0.464797987780194
130.87 0.454183748282447
130.928 0.443923313124957
130.986 0.434001382692755
131.044 0.42440346162679
131.102 0.415115809534007
131.16 0.406125395116109
131.218 0.397419853454728
131.276 0.388987446212644
131.334 0.380817024530489
131.392 0.37289799441655
131.45 0.365220284443773
131.508 0.357774315583247
131.566 0.350550973017138
131.624 0.343541579786683
131.682 0.336737872142311
131.74 0.330131976473556
131.798 0.323716387705957
131.856 0.317483949061015
131.914 0.311427833083295
131.972 0.305541523846208
132.03 0.299818800254723
132.088 0.294253720369541
132.146 0.288840606682873
132.204 0.283574032281317
132.262 0.27844880783607
132.32 0.273459969365111
132.378 0.268602766716156
132.436 0.263872652722837
132.494 0.259265272990041
132.552 0.254776456267546
132.61 0.250402205373951
132.668 0.246138688635682
132.726 0.241982231808278
132.784 0.237929310449483
132.842 0.233976542715813
132.9 0.230120682556203
132.958 0.226358613278165
133.016 0.22268734146357
133.074 0.219103991212707
133.132 0.215605798696731
133.19 0.212190106999941
133.248 0.208854361234527
133.306 0.205596103911646
133.364 0.202412970553669
133.422 0.199302685533487
133.48 0.196263058127655
133.538 0.193291978770996
133.596 0.190387415501105
133.654 0.187547410581928
133.712 0.184770077296215
133.77 0.182053596897392
133.828 0.179396215711895
133.886 0.176796242383606
133.944 0.174252045252541
134.002 0.171762049860417
134.06 0.169324736576195
134.118 0.166938638335049
134.176 0.164602338484711
134.234 0.162314468733395
134.292 0.160073707193919
134.35 0.157878776518938
134.408 0.155728442122488
134.466 0.153621510483348
134.524 0.151556827525966
134.582 0.149533277074942
134.64 0.147549779379307
134.698 0.145605289703031
134.756 0.143698796978408
134.814 0.141829322519156
134.872 0.13999591879022
134.93 0.138197668231487
134.988 0.136433682132726
135.046 0.134703099557228
135.104 0.133005086311782
135.162 0.131338833960713
135.22 0.129703558881875
135.278 0.128098501362554
135.336 0.126522924733398
135.394 0.12497611453855
135.452 0.123457377740286
135.51 0.121966041956519
135.568 0.120501454729652
135.626 0.119062982825306
135.684 0.117650011559557
135.742 0.11626194415336
135.8 0.114898201112917
135.858 0.113558219634822
135.916 0.112241453034847
135.974 0.110947370199315
136.032 0.109675455058045
136.09 0.108425206077913
136.148 0.10719613577611
136.206 0.10598777025224
136.264 0.104799648738419
136.322 0.103631323166605
136.38 0.102482357752397
136.438 0.101352328594614
136.496 0.100240823289949
136.554 0.0991474405620804
136.612 0.098071789904615
136.67 0.0970134912372741
136.728 0.0959721745747772
136.786 0.0949474797078867
136.844 0.093939055896103
136.902 0.0929465615715379
136.96 0.091969664053497
137.018 0.0910080392733365
137.076 0.0900613715091759
137.134 0.089129353130061
137.192 0.0882116843492032
137.25 0.0873080729859272
137.308 0.0864182342359731
137.366 0.0855418904498316
137.424 0.0846787709187839
137.482 0.0838286116683483
137.54 0.0829911552588421
137.598 0.0821661505927765
137.656 0.0813533527288259
137.714 0.080552522702114
137.772 0.0797634273505696
137.83 0.0789858391471274
137.888 0.0782195360375438
137.946 0.0774643012836191
138.004 0.0767199233116196
138.062 0.0759861955657025
138.12 0.0752629163661608
138.178 0.0745498887723051
138.236 0.0738469204498086
138.294 0.0731538235423559
138.352 0.0724704145474323
138.41 0.0717965141961037
138.468 0.0711319473366435
138.526 0.0704765428218617
138.584 0.0698301334000102
138.642 0.0691925556091266
138.7 0.0685636496747018
138.758 0.0679432594105473
138.816 0.0673312321227502
138.874 0.0667274185166086
138.932 0.0661316726064377
138.99 0.0655438516281519
139.048 0.0649638159545228
139.106 0.0643914290130184
139.164 0.0638265572061385
139.222 0.0632690698341569
139.28 0.0627188390201892
139.338 0.0621757396375075
139.396 0.0616396492390215
139.454 0.0611104479888589
139.512 0.0605880185959697
139.57 0.0600722462496866
139.628 0.0595630185571783
139.686 0.059060225482731
139.744 0.0585637592887972
139.802 0.0580735144787553
139.86 0.0575893877413202
139.918 0.0571112778965536
139.976 0.0566390858434229
140.034 0.0561727145088526
140.092 0.0557120687982265
140.15 0.05525705554729
140.208 0.0548075834754078
140.266 0.0543635631401362
140.324 0.0539249068930627
140.382 0.0534915288368792
140.44 0.0530633447836455
140.498 0.0526402722142051
140.556 0.052222230238721
140.614 0.0518091395582925
140.672 0.0514009224276215
140.73 0.050997502618695
140.788 0.050598805385452
140.846 0.0502047574294052
140.904 0.0498152868661889
140.962 0.0494303231930016
141.02 0.0490497972569202
141.078 0.0486736412240562
141.136 0.0483017885495309
141.194 0.0479341739482413
141.252 0.0475707333663976
141.31 0.047211403953806
141.368 0.0468561240368751
141.426 0.046504833092325
141.484 0.046157471721579
141.542 0.0458139816258151
141.6 0.0454743055816623
141.658 0.045138387417517
141.716 0.0448061719904672
141.774 0.0444776051638041
141.832 0.0441526337851024
141.89 0.0438312056648569
141.948 0.0435132695556564
142.006 0.0431987751318801
142.064 0.0428876729699031
142.122 0.0425799145287935
142.18 0.0422754521314905
142.238 0.0419742389464482
142.296 0.041676228969731
142.354 0.0413813770075509
142.412 0.041089638659231
142.47 0.0408009703005859
142.528 0.0405153290677061
142.586 0.0402326728411354
142.644 0.0399529602304304
142.702 0.0396761505590929
142.76 0.0394022038498626
142.818 0.0391310808103619
142.876 0.0388627428190837
142.934 0.0385971519117108
142.992 0.0383342707677606
143.05 0.0380740626975435
143.108 0.037816491629429
143.166 0.0375615220974105
143.224 0.0373091192289599
143.282 0.037059248733165
143.34 0.0368118768891434
143.398 0.036566970534723
143.456 0.0363244970553847
143.514 0.0360844243734582
143.572 0.0358467209375666
143.63 0.0356113557123106
143.688 0.0353782981681885
143.746 0.0351475182717451
143.804 0.0349189864759421
143.862 0.0346926737107477
143.92 0.0344685513739353
143.978 0.0342465913220899
144.036 0.0340267658618155
144.094 0.0338090477411368
144.152 0.0335934101410933
144.21 0.0333798266675181
144.268 0.0331682713429991
144.326 0.032958718599016
144.384 0.0327511432682504
144.442 0.0325455205770628
144.5 0.0323418261381351
144.558 0.0321400359432715
144.616 0.0319401263563556
144.674 0.0317420741064597
144.732 0.0315458562811025
144.79 0.031351450319651
144.848 0.0311588340068636
144.906 0.030967985466571
144.964 0.0307788831554917
145.022 0.0305915058571778
145.08 0.0304058326760894
145.138 0.0302218430317938
145.196 0.0300395166532858
145.254 0.0298588335734285
145.312 0.0296797741235079
145.37 0.029502318927903
145.428 0.0293264488988657
145.486 0.0291521452314083
145.544 0.0289793893982971
145.602 0.0288081631451486
145.66 0.028638448485627
145.718 0.0284702276967392
145.776 0.0283034833142259
145.834 0.0281381981280468
145.892 0.027974355177957
145.95 0.0278119377491732
146.008 0.0276509293681265
146.066 0.027491313798302
146.124 0.0273330750361605
146.182 0.0271761973071421
146.24 0.0270206650617499
146.298 0.0268664629717112
146.356 0.0267135759262148
146.414 0.0265619890282226
146.472 0.0264116875908542
146.53 0.0262626571338425
146.588 0.0261148833800585
146.646 0.0259683522521045
146.704 0.025823049868973
146.762 0.0256789625427716
146.82 0.0255360767755104
146.878 0.025394379255952
146.936 0.0252538568565224
146.994 0.0251144966302806
147.052 0.0249762858079474
147.11 0.0248392117949899
147.168 0.0247032621687622
147.226 0.0245684246757007
147.284 0.0244346872285722
147.342 0.0243020379037737
147.4 0.0241704649386844
147.458 0.0240399567290661
147.516 0.0239105018265138
147.574 0.0237820889359523
147.632 0.0236547069131813
147.69 0.0235283447624653
147.748 0.0234029916341679
147.806 0.0232786368224309
147.864 0.0231552697628957
147.922 0.0230328800304664
147.98 0.0229114573371152
148.038 0.022790991529726
148.096 0.0226714725879795
148.154 0.0225528906222758
148.212 0.0224352358716949
148.27 0.022318498701994
148.328 0.0222026696036418
148.386 0.0220877391898874
148.444 0.0219736981948646
148.502 0.0218605374717294
148.56 0.0217482479908324
148.618 0.021636820837922
148.676 0.0215262472123809
148.734 0.0214165184254935
148.792 0.021307625898744
148.85 0.0211995611621448
148.908 0.0210923158525941
148.966 0.0209858817122625
149.024 0.0208802505870082
149.082 0.0207754144248196
149.14 0.0206713652742851
149.198 0.0205680952830898
149.256 0.0204655966965382
149.314 0.0203638618561027
149.372 0.0202628831979965
149.43 0.0201626532517722
149.488 0.0200631646389437
149.546 0.0199644100716321
149.604 0.0198663823512344
149.662 0.0197690743671159
149.72 0.0196724790953235
149.778 0.0195765895973222
149.836 0.019481399018752
149.894 0.0193869005882066
149.952 0.0192930876160324
150.01 0.0191999534931473
150.068 0.0191074916898803
150.126 0.0190156957548296
150.184 0.0189245593137404
150.242 0.0188340760684013
150.3 0.0187442397955586
150.358 0.0186550443458494
150.416 0.0185664836427519
150.474 0.0184785516815528
150.532 0.0183912425283326
150.59 0.0183045503189664
150.648 0.0182184692581421
150.706 0.0181329936183945
150.764 0.0180481177391543
150.822 0.0179638360258138
150.88 0.0178801429488072
150.938 0.0177970330427056
150.996 0.0177145009053271
151.054 0.0176325411968611
151.112 0.0175511486390065
151.17 0.0174703180141241
151.228 0.0173900441644024
151.286 0.0173103219910368
151.344 0.0172311464534216
151.402 0.0171525125683555
151.46 0.0170744154092589
151.518 0.0169968501054046
151.576 0.0169198118411599
151.634 0.0168432958552406
151.692 0.0167672974399774
151.75 0.0166918119405934
151.808 0.016616834754493
151.866 0.0165423613305616
151.924 0.0164683871684772
151.982 0.0163949078180311
152.04 0.0163219188784612
152.098 0.0162494159977938
152.156 0.0161773948721964
152.214 0.0161058512453409
152.272 0.0160347809077754
152.33 0.0159641796963073
152.388 0.0158940434933939
152.446 0.0158243682265442
152.504 0.0157551498677287
152.562 0.0156863844327984
152.62 0.0156180679809129
152.678 0.0155501966139767
152.736 0.0154827664760849
152.794 0.015415773752976
152.852 0.0153492146714944
152.91 0.0152830854990593
152.968 0.0152173825431435
153.026 0.0151521021507584
153.084 0.0150872407079475
153.142 0.0150227946392871
153.2 0.0149587604073948
153.258 0.0148951345124449
153.316 0.0148319134916913
153.374 0.0147690939189974
153.432 0.0147066724043725
153.49 0.0146446455935157
153.548 0.0145830101673663
153.606 0.0145217628416601
153.664 0.0144609003664934
153.722 0.0144004195258924
153.78 0.0143403171373893
153.838 0.0142805900516045
153.896 0.0142212351518347
153.954 0.0141622493536473
154.012 0.0141036296044803
154.07 0.0140453728832481
154.128 0.0139874761999534
154.186 0.0139299365953036
154.244 0.013872751140334
154.302 0.0138159169360355
154.36 0.0137594311129879
154.418 0.0137032908309984
154.476 0.0136474932787452
154.534 0.0135920356734264
154.592 0.0135369152604135
154.65 0.01348212931291
154.708 0.0134276751316148
154.766 0.0133735500443905
154.824 0.0133197514059357
154.882 0.013266276597463
154.94 0.0132131230263804
154.998 0.0131602881259779
155.056 0.0131077693551182
155.114 0.0130555641979314
155.172 0.0130036701635146
155.23 0.0129520847856353
155.288 0.0129008056224384
155.346 0.0128498302561584
155.404 0.0127991562928346
155.462 0.0127487813620305
155.52 0.0126987031165569
155.578 0.0126489192321996
155.636 0.0125994274074495
155.694 0.0125502253632373
155.752 0.0125013108426717
155.81 0.0124526816107809
155.868 0.0124043354542579
155.926 0.0123562701812087
155.984 0.0123084836209048
156.042 0.0122609736235382
156.1 0.0122137380599801
156.158 0.0121667748215426
156.216 0.0121200818197442
156.274 0.0120736569860774
156.332 0.0120274982717805
156.39 0.0119816036476116
156.448 0.0119359711036261
156.506 0.0118905986489572
156.564 0.0118454843115984
156.622 0.0118006261381905
156.68 0.0117560221938098
156.738 0.0117116705617602
156.796 0.0116675693433673
156.854 0.0116237166577757
156.912 0.0115801106417489
156.97 0.0115367494494713
157.028 0.0114936312523538
157.086 0.0114507542388406
157.144 0.0114081166142197
157.202 0.0113657166004354
157.26 0.0113235524359028
157.318 0.0112816223753258
157.376 0.0112399246895159
157.434 0.0111984576652149
157.492 0.0111572196049191
157.55 0.0111162088267054
157.608 0.0110754236640605
157.666 0.0110348624657117
157.724 0.0109945235954601
157.782 0.0109544054320156
157.84 0.0109145063688345
157.898 0.0108748248139588
157.956 0.0108353591898577
158.014 0.0107961079332709
158.072 0.0107570694950542
158.13 0.0107182423400267
158.188 0.0106796249468202
158.246 0.0106412158077305
158.304 0.0106030134285703
158.362 0.010565016328524
158.42 0.0105272230400045
158.478 0.010489632108512
158.536 0.0104522420924937
158.594 0.0104150515632062
158.652 0.010378059104579
158.71 0.0103412633130803
158.768 0.0103046627975832
158.826 0.0102682561792353
158.884 0.0102320420913287
158.942 0.0101960191791717
