0 9.99999971718069E-10 0
0.02 1.02318803405638E-07 3.15395033007038E-10
0.04 1.38210740865952E-07 8.61768850723976E-11
0.06 1.30481638396795E-07 2.83919679433531E-10
0.08 9.60585434389705E-08 1.87653323435732E-10
0.1 4.96221954915388E-08 6.86949108708035E-11
0.2 1.31141684123204E-07 4.50597892331928E-11
0.3 7.62709882473622E-08 3.87010812286093E-10
0.4 6.84672844530887E-08 2.22636298286005E-10
0.5 1.38304747210327E-07 3.18022053136247E-10
0.6 9.38494372215715E-08 2.18612128399798E-10
0.7 1.21438969991061E-08 4.71236383248197E-11
0.8 1.05257808136194E-07 6.26793839053619E-10
0.9 1.37086331952752E-07 1.94916238704934E-09
1 1.03252410066368E-07 1.19261123199266E-09
1.1 2.67964042066637E-08 1.06507725750049E-07
1.2 5.75062124585912E-08 4.416209709035E-08
1.3 1.17438551994198E-07 2.60472758917274E-08
1.4 1.38268515414985E-07 2.4396156650397E-08
1.5 1.2040297203697E-07 2.07573462529531E-07
1.6 7.28062898858184E-08 1.89611042422655E-08
1.7 1.12076063985E-08 1.54430741639011E-07
1.8 4.81884736558413E-08 8.83631847692357E-08
1.9 9.50233592922345E-08 7.94490508937429E-08
2 1.25418781138364E-07 4.15839994660772E-08
2.1 1.37559241997209E-07 1.93468935316687E-08
2.2 1.35788811861381E-07 3.65433384952318E-06
2.3 1.22237684085924E-07 1.82604739074055E-06
2.4 1.03881994784061E-07 9.33184130302855E-07
2.5 8.34633940849372E-08 4.6608654802327E-07
3 1.51488978028524E-08 2.775778940034E-09
3.5 1.21713605860663E-09 8.13299360080677E-08
