-3 -0.999977894851102
-2.96875 -0.99997310799212
-2.9375 -0.999967345565382
-2.90625 -0.999960422271747
-2.875 -0.999952120464865
-2.84375 -0.999942185072323
-2.8125 -0.999930317826141
-2.78125 -0.999916170727611
-2.75 -0.999899338666567
-2.71875 -0.99987935111042
-2.6875 -0.999855662773968
-2.65625 -0.999827643177119
-2.625 -0.999794564994445
-2.59375 -0.999755591098111
-2.5625 -0.999709760194397
-2.53125 -0.999655970953862
-2.5 -0.999592964536606
-2.46875 -0.999519305417082
-2.4375 -0.999433360417915
-2.40625 -0.999333275869388
-2.375 -0.999216952820867
-2.34375 -0.9990820202428
-2.3125 -0.998925806173226
-2.28125 -0.99874530678118
-2.25 -0.99853715334125
-2.21875 -0.998297577138918
-2.1875 -0.998022372355439
-2.15625 -0.997706857013839
-2.125 -0.99734583210427
-2.09375 -0.996933539047404
-2.0625 -0.996463615698547
-2.03125 -0.995929051142677
-2 -0.995322139581219
-1.96875 -0.994634433664726
-1.9375 -0.993856697681238
-1.90625 -0.992978861067285
-1.875 -0.99198997276661
-1.84375 -0.990878157019788
-1.8125 -0.989630571225125
-1.78125 -0.988233366566433
-1.75 -0.986671652155294
-1.71875 -0.984929463483104
-1.6875 -0.98298973602003
-1.65625 -0.98083428483285
-1.625 -0.978443791119842
-1.59375 -0.97579779657727
-1.5625 -0.972874706516915
-1.53125 -0.969651802646473
-1.5 -0.966105266402972
-1.46875 -0.962210213692685
-1.4375 -0.957940741838313
-1.40625 -0.953269989464677
-1.375 -0.948170209967293
-1.34375 -0.942612859103685
-1.3125 -0.936568697125191
-1.28125 -0.930007905727592
-1.25 -0.922900219942947
-1.21875 -0.91521507492348
-1.1875 -0.906921767382802
-1.15625 -0.897989631261869
-1.125 -0.888388226979099
-1.09375 -0.878087543408649
-1.0625 -0.867058211510683
-1.03125 -0.855271728315962
-1 -0.84270068974759
-0.96875 -0.829319030548979
-0.9375 -0.815102269382926
-0.90625 -0.800027756976023
-0.875 -0.784074925009414
-0.84375 -0.767225533305043
-0.8125 -0.749463912729804
-0.78125 -0.730777201141808
-0.75 -0.711155569636656
-0.71875 -0.690592436319856
-0.6875 -0.669084664836671
-0.65625 -0.646632744934609
-0.625 -0.623240952417462
-0.59375 -0.598917485973922
-0.5625 -0.57367457852806
-0.53125 -0.547528580962327
-0.5 -0.520500016304747
-0.46875 -0.492613602747862
-0.4375 -0.463898244174907
-0.40625 -0.434386987204493
-0.375 -0.40411694412452
-0.34375 -0.37312918146381
-0.3125 -0.341468574340735
-0.28125 -0.309183627125788
-0.25 -0.276326261353527
-0.21875 -0.242951572212135
-0.1875 -0.209117555319681
-0.15625 -0.174884805858601
-0.125 -0.140316192477912
-0.09375 -0.105476508680438
-0.0625 -0.0704321046845497
-0.03125 -0.0352505029818697
0 0
0.03125 0.0352503737999481
0.0625 0.0704319775882945
0.09375 0.105476443718663
0.125 0.14031620453835
0.15625 0.174884884553632
0.1875 0.209117676938602
0.21875 0.242951709676664
0.25 0.276326390040109
0.28125 0.309183727448254
0.3125 0.341468633414299
0.34375 0.373129193396452
0.375 0.404116909233106
0.40625 0.434386910845362
0.4375 0.463898135447251
0.46875 0.492613473049047
0.5 0.520499877681978
0.53125 0.547528445314033
0.5625 0.573674456532005
0.59375 0.598917386523582
0.625 0.62324088214557
0.65625 0.646632708011673
0.6875 0.669084662964035
0.71875 0.690592468882108
0.75 0.711155640076558
0.78125 0.730777292953043
0.8125 0.749464026679915
0.84375 0.767225662290014
0.875 0.784075075604628
0.90625 0.800027895781096
0.9375 0.815102402403378
0.96875 0.829319152375557
1 0.842700794192611
1.03125 0.855271829827736
1.0625 0.867058327082171
1.09375 0.878087622096077
1.125 0.888388296084398
1.15625 0.897989665669875
1.1875 0.906921767002259
1.21875 0.915215043991183
1.25 0.922900161677514
1.28125 0.930007825082279
1.3125 0.93656859897952
1.34375 0.94261276024492
1.375 0.948170100582517
1.40625 0.953269874756635
1.4375 0.957940625728069
1.46875 0.962210094842523
1.5 0.966105353573462
1.53125 0.96965172358665
1.5625 0.97287463777353
1.59375 0.975797739820169
1.625 0.978443749563527
1.65625 0.980834442495234
1.6875 0.982989883194
1.71875 0.98492960213447
1.75 0.986671786237745
1.78125 0.988233500638963
1.8125 0.989630709186321
1.84375 0.990878297251836
1.875 0.99199011532665
1.90625 0.992979035096204
1.9375 0.993856869759145
1.96875 0.994634602207549
2 0.995322306583999
2.03125 0.995929212938779
2.0625 0.996463775638954
2.09375 0.996933696523478
2.125 0.997345995374385
2.15625 0.997707258515633
2.1875 0.998026461849479
2.21875 0.998300957183185
2.25 0.998539942696944
2.28125 0.99874760529458
2.3125 0.998927609032634
2.34375 0.999083504423919
2.375 0.99921817378625
2.40625 0.999334273090864
2.4375 0.999434175078777
2.46875 0.999519974552172
2.5 0.999593514086548
2.53125 0.999656422311764
2.5625 0.999710130975885
2.59375 0.999755895788067
2.625 0.999794816681713
2.65625 0.999827848580314
2.6875 0.99985583041439
2.71875 0.999879487956564
2.75 0.999899419685147
2.78125 0.999916237232103
2.8125 0.999930372556633
2.84375 0.999942230231252
2.875 0.999952157823615
2.90625 0.999960453256556
2.9375 0.999967371326361
2.96875 0.999973129458577
3 0.999977912775779
